2702 2730
2667 2702
2667 2704
2667 2705
2667 2707
2667 2708
2667 2709
2612 2650
2612 2654
2612 2658
2710 2749
2710 2744
2710 2747
2710 2740
2609 2734
2609 2736
2609 2731
2609 2730
2617 2748
2662 2688
2624 2639
2640 2665
2613 2644
2613 2642
2695 2725
2678 2744
2678 2742
2678 2749
2687 2736
2687 2734
2687 2731
2687 2730
2642 2682
2713 2745
2662 2665
2715 2733
2715 2732
2715 2735
2658 2751
2624 2713
2621 2694
2621 2696
2621 2691
2621 2692
2624 2627
2624 2628
2624 2629
2610 2715
2610 2717
2610 2716
2610 2713
2610 2712
2613 2713
2701 2725
2701 2729
2710 2742
2684 2712
2684 2713
2684 2716
2684 2717
2677 2728
2677 2720
2677 2726
2721 2728
2638 2735
2638 2733
2638 2732
2691 2708
2691 2707
2691 2701
2691 2703
2639 2729
2639 2720
2729 2750
2629 2658
2629 2659
2629 2650
2629 2656
2675 2679
2675 2678
2675 2677
2675 2714
2675 2715
2675 2716
2675 2710
2675 2712
2675 2713
2707 2728
2671 2709
2671 2708
2671 2707
2671 2705
2671 2704
2671 2702
2682 2683
2740 2746
2740 2747
2740 2741
2740 2743
2612 2678
2612 2671
2612 2672
2612 2675
2669 2709
2669 2706
2669 2707
2669 2705
2669 2702
2669 2700
2643 2708
2643 2700
2643 2701
2613 2668
2613 2669
2613 2665
2613 2667
2615 2749
2609 2713
2615 2744
2609 2717
2609 2716
2609 2715
2687 2751
2657 2750
2623 2650
2623 2658
2610 2732
2610 2730
2610 2736
2610 2734
2729 2741
2639 2657
2615 2684
2615 2686
2615 2687
2615 2688
2638 2713
2638 2715
2691 2720
2705 2751
2691 2729
2639 2701
2639 2707
2639 2708
2629 2638
2632 2725
2629 2632
2675 2691
2675 2693
2675 2692
2675 2695
2675 2694
2632 2720
2609 2613
2609 2610
2674 2694
2674 2691
2621 2710
2621 2713
2621 2712
2621 2717
2621 2716
2659 2713
2612 2617
2612 2615
2637 2714
2669 2725
2669 2726
2669 2720
2669 2721
2669 2728
2669 2729
2643 2721
2643 2725
2643 2729
2613 2682
2613 2687
2667 2748
2684 2696
2684 2692
2684 2699
2668 2748
2678 2699
2678 2692
2678 2691
2678 2696
2678 2694
2654 2714
2654 2717
2654 2716
2654 2710
2654 2713
2654 2712
2657 2735
2657 2733
2657 2739
2665 2713
2665 2712
2623 2678
2623 2677
2623 2670
2615 2617
2650 2669
2650 2668
2686 2687
2684 2751
2617 2631
2617 2640
2651 2675
2651 2672
2651 2679
2702 2751
2621 2736
2671 2748
2621 2731
2612 2631
2612 2639
2628 2667
2628 2665
2628 2662
2628 2661
2637 2739
2628 2669
2631 2649
2631 2644
2631 2643
2631 2640
2643 2746
2643 2747
2643 2745
2643 2743
2643 2740
2643 2741
2670 2678
2695 2739
2659 2730
2659 2732
2670 2677
2659 2735
2611 2682
2733 2750
2654 2731
2721 2725
2654 2735
2654 2739
2650 2708
2650 2709
2657 2714
2650 2707
2650 2704
2650 2705
2612 2667
2623 2692
2623 2696
2623 2699
2658 2669
2658 2668
2658 2661
2658 2665
2658 2667
2665 2691
2665 2692
2665 2699
2659 2699
2627 2684
2627 2687
2627 2683
2627 2682
2627 2688
2617 2661
2617 2665
2617 2667
2617 2668
2617 2669
2674 2749
2674 2742
2674 2744
2632 2678
2632 2679
2632 2677
2632 2675
2632 2672
2651 2656
2632 2671
2729 2733
2729 2739
2640 2662
2643 2714
2656 2683
2656 2682
2650 2748
2628 2649
2628 2640
2628 2643
2637 2750
2623 2731
2623 2730
2623 2734
2623 2736
2631 2665
2631 2667
2631 2661
2631 2662
2631 2669
2670 2692
2659 2751
2656 2740
2656 2741
2656 2743
2656 2745
2656 2746
2656 2747
2668 2709
2668 2708
2642 2713
2668 2707
2642 2715
2650 2720
2650 2726
2650 2728
2688 2744
2688 2742
2688 2749
2657 2682
2624 2729
2716 2749
2716 2748
2717 2736
2670 2731
2670 2730
2670 2734
2670 2736
2615 2621
2615 2627
2615 2628
2632 2654
2632 2656
2632 2650
2632 2651
2624 2726
2702 2715
2702 2713
2702 2712
2734 2748
2628 2691
2657 2691
2657 2693
2657 2695
2693 2747
2693 2746
2693 2743
2693 2742
2693 2741
2693 2740
2696 2731
2696 2730
2696 2734
2696 2736
2617 2694
2623 2717
2623 2716
2623 2713
2623 2712
2704 2730
2704 2733
2704 2732
2665 2715
2665 2716
2669 2691
2669 2699
2656 2725
2656 2720
2656 2721
2656 2728
2656 2729
2642 2732
2668 2720
2642 2735
2642 2739
2668 2728
2686 2736
2611 2751
2704 2720
2704 2721
2704 2726
2717 2734
2665 2705
2717 2731
2717 2730
2665 2708
2716 2726
2716 2720
2715 2720
2650 2678
2624 2682
2624 2683
2670 2717
2670 2716
2670 2713
2670 2712
2627 2640
2627 2643
2627 2644
2613 2745
2617 2628
2617 2624
2617 2627
2617 2621
2674 2703
2617 2623
2651 2695
2651 2693
2687 2694
2687 2696
2687 2692
2730 2748
2694 2703
2694 2707
2702 2733
2702 2732
2702 2735
2702 2734
2706 2708
2707 2716
2687 2699
2638 2682
2639 2686
2736 2748
2642 2733
2693 2725
2693 2729
2696 2717
2696 2716
2696 2713
2696 2712
2628 2688
2665 2735
2704 2713
2665 2732
2665 2730
2628 2682
2628 2683
2628 2686
2739 2750
2624 2709
2735 2745
2735 2741
2735 2743
2632 2750
2733 2739
2733 2735
2642 2750
2612 2670
2644 2665
2644 2669
2688 2703
2688 2701
2612 2677
2656 2708
2656 2704
2656 2706
2656 2700
2656 2701
2699 2751
2661 2686
2644 2733
2615 2712
2654 2688
2654 2687
2654 2686
2654 2683
2654 2682
2669 2708
2612 2734
2612 2736
2612 2731
2612 2730
2637 2639
2627 2665
2627 2662
2627 2661
2643 2683
2669 2704
2627 2669
2627 2668
2642 2745
2613 2728
2613 2726
2613 2721
2613 2720
2642 2741
2642 2743
2686 2712
2686 2713
2686 2710
2686 2716
2686 2717
2615 2668
2615 2662
2615 2661
2643 2704
2709 2748
2700 2741
2700 2743
2700 2745
2706 2720
2706 2721
2706 2726
2706 2728
2668 2684
2668 2686
2668 2687
2693 2701
2629 2708
2629 2709
2629 2702
2629 2700
2629 2706
2629 2707
2629 2704
2629 2705
2623 2751
2621 2668
2621 2661
2621 2662
2621 2667
2624 2735
2654 2677
2725 2729
2714 2739
2609 2712
2609 2710
2615 2742
2638 2725
2611 2716
2611 2715
2611 2712
2611 2713
2721 2733
2705 2748
2612 2713
2612 2712
2612 2710
2612 2717
2612 2716
2643 2661
2643 2662
2643 2665
2643 2669
2613 2702
2613 2700
2613 2707
2613 2706
2613 2705
2613 2704
2613 2709
2613 2708
2624 2750
2624 2751
2640 2729
2610 2629
2670 2751
2610 2627
2686 2731
2686 2734
2615 2640
2694 2744
2694 2742
2694 2749
2709 2728
2709 2726
2709 2720
2700 2725
2700 2729
2679 2733
2679 2735
2679 2739
2638 2643
2706 2745
2638 2644
2639 2654
2639 2656
2639 2650
2629 2720
2629 2725
2629 2726
2629 2728
2661 2674
2661 2675
2661 2670
2661 2671
2661 2679
2621 2640
2725 2745
2725 2747
2725 2746
2725 2741
2725 2740
2725 2743
2609 2669
2609 2668
2609 2667
2632 2714
2609 2665
2632 2716
2609 2662
2632 2713
2632 2712
2631 2735
2631 2731
2627 2650
2627 2654
2611 2734
2611 2735
2611 2730
2611 2732
2611 2733
2699 2716
2699 2717
2699 2715
2699 2712
2699 2713
2704 2715
2665 2733
2704 2712
2703 2742
2703 2744
2703 2749
2627 2629
2627 2628
2637 2675
2643 2644
2637 2672
2637 2679
2617 2688
2617 2686
2617 2687
2617 2684
2617 2682
2640 2707
2640 2703
2640 2701
2640 2708
2659 2671
2671 2712
2728 2751
2679 2710
2679 2712
2679 2713
2679 2714
2679 2715
2726 2730
2726 2732
2726 2734
2726 2736
2638 2665
2650 2682
2650 2687
2650 2686
2638 2669
2650 2684
2700 2708
2700 2704
2700 2706
2683 2710
2747 2750
2639 2679
2639 2678
2639 2672
2639 2671
2639 2677
2639 2675
2639 2674
2695 2710
2695 2714
2629 2745
2621 2627
2707 2712
2707 2713
2707 2717
2707 2715
2672 2683
2672 2682
2672 2688
2632 2733
2632 2732
2632 2735
2632 2739
2631 2714
2631 2716
2631 2713
2678 2679
2659 2708
2637 2701
2661 2691
2661 2693
2708 2745
2746 2750
2699 2734
2699 2736
2699 2730
2644 2750
2637 2651
2637 2657
2637 2656
2637 2654
2624 2716
2624 2714
2624 2715
2624 2712
2610 2665
2610 2667
2671 2699
2610 2669
2610 2668
2643 2739
2674 2692
2643 2735
2643 2732
2631 2639
2720 2748
2720 2745
2650 2661
2650 2665
2650 2667
2651 2701
2683 2739
2611 2679
2611 2678
2611 2671
2611 2670
2611 2672
2611 2675
2611 2677
2639 2691
2639 2693
2639 2692
2639 2695
2639 2694
2639 2696
2688 2707
2649 2742
2707 2730
2707 2731
2707 2734
2707 2735
2707 2736
2732 2751
2656 2695
2665 2669
2665 2668
2665 2667
2628 2712
2628 2713
2628 2710
2628 2716
2628 2714
2677 2684
2677 2686
2677 2687
2677 2682
2743 2747
2743 2746
2677 2688
2669 2678
2669 2679
2669 2677
2669 2675
2669 2672
2669 2671
2609 2705
2662 2747
2662 2744
2662 2742
2662 2741
2662 2740
2662 2749
2609 2703
2649 2662
2649 2661
2609 2629
2609 2628
2609 2623
2609 2621
2609 2627
2609 2624
2631 2686
2679 2695
2679 2691
2679 2693
2632 2637
2691 2725
2632 2638
2632 2639
2639 2703
2644 2732
2703 2707
2644 2739
2658 2682
2658 2687
2658 2686
2658 2684
2624 2739
2624 2732
2624 2733
2640 2742
2640 2740
2640 2747
2640 2744
2640 2749
2693 2739
2712 2732
2712 2730
2712 2731
2712 2736
2712 2734
2712 2735
2744 2749
2742 2744
2679 2750
2631 2699
2631 2691
2631 2693
2631 2692
2631 2695
2631 2694
2631 2696
2642 2675
2651 2729
2642 2672
2651 2725
2642 2679
2678 2731
2678 2734
2678 2736
2611 2659
2611 2658
2611 2656
2611 2654
2611 2650
2695 2750
2661 2699
2661 2692
2661 2694
2661 2696
2667 2670
2667 2671
2707 2751
2713 2731
2713 2730
2713 2733
2713 2732
2713 2735
2713 2734
2713 2736
2682 2750
2682 2751
2628 2731
2628 2735
2628 2739
2640 2686
2640 2682
2640 2683
2640 2688
2662 2729
2627 2667
2678 2684
2667 2678
2631 2683
2667 2675
2667 2677
2667 2672
2649 2683
2649 2688
2643 2682
2617 2726
2665 2728
2704 2709
2731 2734
2731 2736
2665 2725
2704 2706
2657 2725
2642 2665
2654 2669
2654 2665
2654 2667
2654 2661
2654 2662
2644 2715
2644 2712
2644 2713
2671 2686
2671 2687
2671 2684
2671 2682
2637 2695
2637 2693
2637 2691
2672 2700
2672 2701
2672 2707
2672 2704
2672 2709
2712 2713
2712 2715
2712 2716
2728 2733
2728 2732
2728 2730
2728 2735
2728 2734
2612 2684
2612 2687
2612 2686
2612 2682
2612 2688
2726 2751
2617 2730
2617 2731
2617 2736
2617 2734
2613 2617
2642 2659
2642 2657
2642 2656
2651 2747
2651 2746
2651 2741
2651 2740
2651 2743
2678 2717
2678 2716
2678 2713
2678 2712
2678 2710
2657 2672
2657 2675
2657 2679
2611 2631
2611 2632
2611 2638
2708 2728
2708 2726
2708 2725
2708 2720
2708 2721
2713 2717
2713 2716
2713 2715
2715 2745
2627 2748
2624 2679
2624 2678
2624 2671
2624 2672
2624 2675
2624 2677
2662 2703
2662 2701
2662 2707
2662 2708
2667 2692
2692 2742
2667 2691
2692 2748
2692 2749
2667 2699
2632 2747
2677 2751
2659 2715
2721 2751
2637 2710
2705 2721
2705 2720
2705 2726
2705 2728
2632 2683
2632 2682
2656 2659
2656 2657
2629 2682
2683 2750
2675 2747
2675 2741
2675 2740
2661 2714
2661 2717
2661 2716
2661 2710
2661 2713
2661 2712
2610 2687
2610 2684
2672 2720
2672 2721
2672 2725
2669 2750
2710 2716
2710 2714
2667 2731
2667 2730
2667 2732
2667 2735
2667 2734
2667 2736
2617 2712
2617 2713
2720 2728
2617 2716
2617 2717
2720 2726
2720 2721
2674 2678
2613 2638
2649 2729
2611 2613
2611 2612
2611 2617
2611 2705
2688 2716
2688 2710
2683 2688
2658 2702
2658 2707
2658 2704
2658 2705
2658 2708
2658 2709
2708 2709
2627 2728
2627 2726
2732 2735
2627 2720
2732 2733
2669 2751
2682 2716
2682 2714
2682 2715
2682 2712
2682 2713
2662 2669
2624 2658
2624 2656
2624 2654
2624 2650
2640 2649
2610 2748
2692 2720
2609 2688
2609 2684
2609 2687
2609 2686
2609 2683
2609 2682
2684 2720
2684 2726
2672 2708
2705 2709
2705 2708
2656 2672
2656 2675
2656 2679
2629 2665
2629 2667
2629 2669
2659 2721
2675 2729
2675 2725
2675 2720
2661 2731
2661 2736
2661 2735
2661 2734
2712 2717
2672 2747
2672 2743
2672 2740
2672 2741
2712 2751
2667 2717
2667 2716
2667 2715
2667 2713
2667 2712
2612 2640
2710 2731
2615 2710
2609 2748
2613 2656
2613 2659
2613 2658
2649 2701
2687 2708
2687 2709
2687 2707
2687 2705
2649 2693
2713 2751
2658 2728
2658 2720
2658 2726
2627 2704
2627 2705
2627 2707
2627 2702
2627 2708
2627 2709
2682 2735
2682 2732
2682 2733
2682 2739
2621 2687
2621 2686
2621 2684
2621 2688
2627 2679
2662 2682
2624 2631
2624 2632
2623 2627
2640 2661
2624 2638
2612 2726
2627 2671
2627 2672
2741 2750
2612 2720
2678 2693
2692 2708
2692 2709
2692 2707
2692 2703
2677 2716
2677 2717
2677 2712
2677 2713
2677 2710
2701 2750
2643 2691
2684 2707
2684 2705
2684 2709
2638 2741
2638 2743
2638 2745
2729 2740
2729 2743
2729 2747
2729 2746
2629 2644
2629 2643
2629 2642
2628 2692
2734 2736
2675 2701
2675 2700
2675 2707
2675 2708
2671 2732
2671 2730
2671 2731
2671 2736
2671 2734
2671 2735
2682 2693
2682 2692
2682 2691
2682 2695
2740 2750
2628 2639
2612 2665
2612 2662
2612 2661
2628 2631
2628 2632
2628 2637
2612 2668
2669 2715
2669 2716
2669 2713
2669 2712
2609 2726
2609 2720
2609 2728
2643 2713
2643 2715
2617 2751
2613 2672
2613 2671
2613 2670
2613 2677
2611 2639
2615 2731
2615 2736
2687 2720
2687 2726
2687 2728
2623 2671
2654 2742
2654 2740
2654 2747
2654 2744
2654 2749
2715 2728
2657 2747
2657 2746
2715 2726
2657 2743
2715 2721
2657 2741
2657 2740
2658 2748
2610 2707
2610 2704
2610 2705
2610 2702
2609 2640
2610 2708
2610 2709
2612 2621
2701 2739
2615 2696
2615 2694
2615 2692
2615 2691
2628 2674
2628 2677
2677 2734
2677 2736
2677 2730
2677 2731
2638 2728
2721 2735
2721 2732
2638 2721
2691 2716
2691 2717
2691 2714
2691 2712
2691 2713
2691 2710
2639 2739
2639 2731
2654 2671
2683 2742
2700 2733
2700 2732
2703 2731
2671 2713
2671 2715
2671 2716
2671 2717
2631 2656
2659 2700
2659 2702
2659 2705
2659 2704
2659 2706
2659 2709
2669 2733
2669 2732
2669 2735
2669 2739
2686 2688
2631 2637
2631 2632
2643 2733
2613 2699
2667 2751
2649 2749
2649 2744
2649 2746
2649 2747
2649 2740
2649 2741
2609 2708
2609 2709
2609 2704
2609 2707
2687 2748
2678 2688
2678 2683
2678 2682
2678 2687
2678 2686
2657 2729
2623 2668
2623 2667
2610 2728
2610 2726
2610 2720
2701 2714
2701 2710
2686 2696
2686 2694
2686 2692
2686 2691
2686 2699
2684 2748
2617 2658
2617 2650
2617 2654
2638 2704
2638 2706
2638 2700
2638 2702
2638 2708
2691 2731
2691 2739
2639 2714
2639 2716
2639 2717
2639 2710
2639 2712
2639 2713
2675 2682
2675 2683
2675 2688
2692 2699
2621 2703
2621 2707
2621 2708
2629 2733
2631 2679
2658 2699
2612 2623
2659 2726
2672 2678
2672 2679
2612 2627
2612 2624
2612 2628
2672 2677
2672 2675
2628 2675
2637 2729
2628 2672
2637 2725
2628 2679
2628 2678
2631 2658
2631 2654
2631 2657
2631 2650
2643 2750
2677 2678
2691 2696
2684 2686
2684 2687
2735 2739
2691 2693
2691 2692
2691 2695
2691 2694
2611 2691
2667 2696
2611 2699
2668 2751
2654 2708
2654 2707
2654 2703
2654 2701
2650 2713
2657 2700
2650 2717
2623 2684
2623 2687
2623 2686
2665 2683
2665 2682
2665 2687
2617 2707
2720 2730
2617 2678
2617 2677
2617 2675
2617 2672
2617 2671
2617 2670
2665 2745
2632 2669
2632 2665
2632 2667
2632 2661
2632 2662
2651 2662
2657 2701
2650 2712
2650 2715
2650 2716
2649 2739
2705 2730
2702 2745
2671 2751
2696 2703
2621 2720
2628 2651
2628 2650
2628 2657
2628 2656
2628 2654
2637 2747
2637 2746
2637 2741
2637 2740
2637 2743
2631 2672
2631 2671
2631 2670
2631 2677
2631 2675
2631 2678
2610 2623
2670 2684
2670 2687
2670 2686
2659 2745
2627 2675
2632 2688
2714 2741
2714 2740
2714 2743
2714 2747
2714 2746
2733 2743
2733 2741
2733 2745
2656 2750
2642 2708
2642 2700
2642 2702
2642 2704
2642 2706
2654 2725
2654 2729
2650 2735
2650 2734
2650 2732
2650 2731
2628 2671
2658 2672
2658 2670
2658 2671
2658 2677
2658 2675
2659 2682
2627 2696
2627 2694
2627 2692
2627 2691
2627 2699
2615 2631
2615 2639
2674 2731
2632 2643
2632 2642
2632 2640
2632 2644
2632 2649
2708 2715
2658 2716
2700 2721
2656 2693
2656 2691
2700 2728
2688 2691
2688 2696
2621 2748
2621 2749
2621 2744
2621 2742
2623 2728
2623 2720
2623 2726
2669 2683
2669 2682
2708 2713
2659 2733
2670 2671
2638 2642
2656 2735
2656 2733
2656 2732
2656 2739
2642 2729
2668 2716
2668 2717
2642 2725
2668 2712
2668 2713
2642 2721
2644 2659
2644 2657
2644 2656
2650 2751
2611 2745
2717 2748
2672 2729
2624 2693
2624 2692
2624 2691
2624 2695
2670 2728
2670 2720
2670 2726
2617 2639
2674 2710
2694 2710
2694 2713
2694 2712
2694 2717
2694 2716
2662 2679
2662 2678
2624 2661
2662 2674
2702 2708
2702 2709
2702 2706
2702 2704
2702 2705
2706 2715
2734 2751
2629 2721
2707 2720
2657 2683
2693 2750
2696 2720
2696 2726
2628 2696
2628 2695
2628 2694
2628 2693
2623 2705
2623 2707
2623 2708
2623 2709
2665 2702
2665 2700
2665 2706
2665 2707
2665 2704
2704 2725
2704 2728
2665 2709
2662 2712
2611 2687
2735 2751
2735 2750
2661 2677
2668 2734
2668 2736
2668 2730
2668 2731
2661 2672
2644 2672
2644 2675
2644 2679
2661 2678
2688 2731
2656 2713
2656 2712
2656 2715
2656 2714
2699 2748
2717 2726
2717 2720
2671 2678
2671 2677
2671 2675
2671 2672
2716 2736
2716 2734
2716 2730
2716 2731
2612 2748
2670 2702
2670 2705
2670 2707
2670 2708
2670 2709
2627 2656
2627 2658
2613 2751
2704 2751
2686 2703
2686 2707
2650 2702
2624 2637
2615 2678
2615 2675
2615 2674
2615 2677
2615 2671
2694 2736
2694 2731
2651 2683
2700 2750
2702 2726
2702 2720
2702 2721
2617 2691
2702 2728
2706 2735
2706 2733
2706 2732
2668 2699
2668 2692
2668 2696
2631 2717
2742 2749
2696 2708
2696 2709
2629 2713
2629 2712
2629 2715
2696 2705
2696 2707
2704 2708
2642 2728
2665 2720
2665 2721
2704 2705
2665 2726
2704 2707
2739 2740
2739 2741
2739 2743
2739 2746
2739 2747
2665 2751
2632 2691
2705 2736
2632 2695
2705 2734
2714 2729
2714 2725
2632 2743
2632 2740
2632 2741
2632 2746
2632 2745
2688 2714
2611 2704
2611 2707
2611 2706
2611 2700
2611 2702
2611 2709
2611 2708
2716 2717
2632 2715
2632 2710
2609 2661
2654 2691
2654 2692
2654 2693
2654 2694
2654 2695
2654 2696
2627 2678
2627 2670
2627 2677
2643 2695
2643 2693
2613 2734
2613 2735
2613 2732
2613 2733
2613 2730
2624 2741
2624 2740
2624 2745
2624 2747
2686 2720
2615 2707
2615 2654
2615 2658
2709 2751
2700 2735
2683 2743
2683 2740
2683 2741
2683 2746
2683 2747
2683 2744
2700 2739
2679 2725
2679 2729
2706 2751
2668 2671
2668 2670
2668 2677
2668 2678
2693 2714
2693 2710
2629 2735
2629 2734
2629 2732
2629 2730
2623 2748
2661 2665
2661 2667
2661 2662
2661 2669
2661 2668
2621 2678
2627 2686
2621 2672
2621 2670
2621 2671
2621 2677
2621 2674
2621 2675
2665 2741
2661 2705
2725 2739
2725 2732
2725 2733
2725 2735
2609 2658
2609 2650
2609 2656
2609 2654
2631 2725
2631 2720
2688 2693
2688 2692
2688 2694
2611 2728
2611 2721
2611 2720
2611 2726
2611 2725
2699 2705
2699 2704
2699 2707
2699 2702
2699 2709
2699 2708
2700 2713
2700 2715
2612 2705
2612 2707
2612 2703
2612 2708
2612 2709
2643 2672
2643 2675
2643 2679
2613 2715
2613 2712
2617 2699
2651 2657
2617 2696
2617 2692
2640 2731
2640 2739
2670 2748
2686 2744
2686 2749
2686 2748
2639 2640
2729 2735
2709 2736
2709 2734
2709 2732
2709 2730
2624 2657
2679 2701
2679 2700
2679 2708
2638 2656
2638 2657
2638 2659
2696 2748
2639 2643
2639 2649
2695 2701
2629 2751
2621 2650
2707 2708
2621 2654
2621 2658
2715 2725
2725 2750
2609 2670
2609 2671
2609 2672
2609 2675
2632 2708
2609 2677
2609 2678
2609 2679
2632 2704
2632 2700
2632 2701
2631 2709
2631 2708
2631 2703
2631 2701
2631 2707
2699 2728
2699 2720
2699 2726
2693 2695
2693 2694
2707 2709
2644 2745
2644 2743
2644 2741
2627 2631
2627 2632
2643 2651
2643 2654
2627 2639
2643 2656
2643 2657
2637 2665
2637 2662
2637 2661
2654 2720
2613 2623
2704 2745
2624 2705
2624 2704
2624 2706
2624 2701
2624 2700
2640 2710
2640 2712
2640 2713
2640 2714
2624 2708
2640 2716
2610 2611
2610 2612
2610 2613
2659 2669
2659 2667
2659 2665
2650 2736
2650 2730
2674 2686
2728 2745
2674 2688
2709 2715
2709 2716
2709 2717
2709 2712
2709 2713
2726 2728
2720 2751
2638 2679
2638 2672
2650 2699
2650 2696
2650 2691
2650 2692
2683 2708
2683 2701
2639 2669
2639 2665
2639 2667
2639 2661
2639 2662
2695 2729
2621 2631
2707 2726
2621 2639
2672 2694
2672 2695
2672 2691
2672 2692
2672 2693
2745 2751
2732 2745
2705 2707
2705 2706
2628 2708
2628 2701
2628 2703
2628 2707
2677 2692
2677 2691
2677 2696
2677 2694
2677 2699
2609 2617
2609 2615
2609 2612
2632 2721
2609 2611
2632 2729
2659 2720
2649 2657
2649 2654
2649 2651
2658 2678
2659 2728
2746 2747
2632 2707
2644 2725
2644 2721
2644 2720
2644 2729
2644 2728
2637 2649
2637 2640
2637 2643
2624 2728
2624 2721
2624 2720
2624 2725
2610 2677
2610 2670
2610 2671
2712 2728
2712 2720
2712 2726
2679 2743
2679 2741
2679 2740
2679 2747
2679 2746
2650 2672
2650 2670
2650 2671
2650 2677
2650 2675
2651 2714
2683 2725
2683 2729
2611 2668
2611 2669
2611 2661
2611 2667
2611 2665
2639 2682
2639 2683
2639 2687
2639 2688
2695 2747
2695 2746
2695 2741
2695 2740
2695 2743
2631 2668
2661 2687
2661 2684
2661 2683
2661 2682
2708 2751
2661 2688
2707 2748
2682 2741
2682 2740
2682 2743
2682 2745
2682 2747
2696 2699
2670 2696
2665 2678
2665 2679
2665 2672
2665 2670
2665 2671
2665 2677
2665 2675
2628 2729
2628 2725
2628 2720
2670 2699
2743 2750
2640 2695
2640 2694
2640 2696
2640 2691
2640 2693
2640 2692
2667 2669
2667 2668
2649 2678
2649 2679
2649 2674
2649 2675
2649 2672
2609 2639
2609 2631
2609 2632
2731 2748
2731 2749
2731 2744
2679 2682
2679 2683
2730 2751
2679 2688
2683 2714
2700 2702
2644 2708
2644 2702
2644 2700
2644 2706
2644 2704
2703 2716
2703 2717
2703 2710
2658 2696
2658 2692
2671 2694
2671 2696
2671 2691
2671 2692
2661 2749
2661 2744
2610 2658
2610 2659
2610 2650
2672 2710
2672 2713
2672 2712
2672 2715
2672 2714
2672 2716
2624 2640
2624 2642
2662 2692
2662 2695
2617 2728
2631 2688
2631 2682
2617 2720
2631 2687
2650 2658
2650 2659
2650 2654
2651 2739
2642 2669
2678 2720
2632 2693
2611 2642
2611 2643
2611 2644
2708 2735
2708 2734
2708 2730
2708 2733
2708 2732
2714 2750
2713 2728
2713 2720
2713 2721
2713 2726
2713 2725
2715 2751
2627 2751
2628 2744
2628 2747
2628 2741
2628 2740
2628 2742
2628 2749
2694 2696
2662 2739
2667 2682
2667 2684
2667 2687
2667 2686
2677 2748
2649 2691
2649 2694
2649 2695
2668 2705
2615 2716
2615 2717
2730 2736
2730 2734
2721 2745
2654 2678
2654 2679
2654 2674
2654 2675
2654 2672
2701 2747
2609 2692
2701 2741
2701 2740
2621 2628
2613 2650
2637 2688
2672 2735
2672 2733
2672 2732
2637 2682
2637 2683
2672 2739
2692 2696
2692 2694
2668 2726
2612 2696
2612 2694
2612 2692
2612 2691
2612 2699
2726 2748
2617 2709
2617 2708
2720 2732
2617 2705
2617 2703
2720 2736
2720 2735
2720 2734
2642 2644
2642 2643
2678 2708
2678 2709
2651 2750
2678 2703
2678 2707
2624 2707
2657 2665
2657 2662
2624 2702
2657 2669
2611 2627
2611 2624
2611 2628
2611 2629
2708 2712
2658 2713
2658 2712
2708 2717
2708 2716
2658 2717
2610 2617
2627 2735
2627 2734
2627 2736
2627 2731
2627 2730
2627 2732
2682 2709
2682 2708
2682 2705
2682 2704
2682 2707
2682 2706
2682 2701
2682 2700
2682 2702
2624 2669
2624 2662
2662 2672
2662 2677
2624 2667
2662 2675
2624 2665
2640 2654
2640 2657
2610 2751
2662 2714
2662 2716
2662 2710
2662 2713
2692 2734
2692 2736
2692 2731
2704 2735
2705 2732
2691 2740
2691 2742
2691 2744
2691 2747
2705 2735
2691 2749
2656 2669
2656 2665
2656 2661
2629 2699
2644 2735
2654 2656
2654 2657
2654 2658
2609 2735
2675 2750
2631 2715
2661 2707
2661 2703
2661 2701
2631 2710
2661 2708
2661 2709
2631 2712
2610 2699
2610 2696
2672 2750
2669 2741
2669 2745
2712 2748
2667 2728
2667 2720
2667 2721
2667 2726
2615 2703
2662 2683
2609 2751
2613 2624
2613 2627
2613 2629
2649 2714
2649 2710
2687 2713
2687 2712
2687 2717
2687 2716
2683 2691
2683 2693
2683 2694
2683 2695
2658 2736
2658 2734
2658 2731
2658 2730
2692 2744
2644 2682
2627 2713
2627 2712
2627 2717
2627 2716
2627 2715
2682 2721
2682 2720
2682 2726
2682 2725
2682 2729
2682 2728
2661 2720
2662 2691
2662 2693
2624 2643
2624 2644
2662 2694
2624 2649
2640 2677
2640 2675
2640 2674
2640 2672
2640 2679
2640 2678
2741 2743
2741 2747
2741 2746
2692 2713
2692 2712
2692 2710
2692 2717
2692 2716
2677 2705
2677 2707
2677 2703
2677 2709
2677 2708
2609 2699
2609 2696
2701 2746
2609 2694
2701 2743
2609 2691
2684 2730
2684 2731
2684 2736
2684 2734
2638 2750
2705 2712
2705 2713
2705 2715
2705 2716
2705 2717
2639 2747
2639 2744
2639 2742
2639 2740
2639 2749
2629 2672
2629 2670
2629 2671
2675 2739
2675 2735
2675 2733
2632 2657
2671 2728
2671 2720
2671 2726
