2667 2704
2667 2705
2667 2707
2667 2708
2667 2709
2612 2650
2612 2658
2669 2768
2710 2744
2710 2747
2669 2763
2669 2764
2609 2733
2609 2732
2662 2688
2617 2745
2624 2639
2613 2642
2613 2643
2678 2744
2687 2736
2687 2734
2687 2731
2687 2730
2642 2682
2713 2745
2713 2747
2713 2741
2654 2752
2654 2755
2654 2757
2715 2733
2715 2732
2715 2735
2658 2751
2658 2753
2658 2752
2624 2713
2624 2627
2624 2628
2692 2762
2613 2713
2669 2765
2710 2742
2684 2712
2684 2717
2677 2720
2677 2726
2721 2729
2721 2728
2691 2708
2691 2707
2639 2729
2729 2750
2729 2754
2729 2755
2629 2650
2675 2679
2675 2678
2675 2677
2675 2714
2675 2716
2675 2717
2675 2710
2675 2712
2675 2713
2671 2709
2671 2708
2671 2707
2671 2705
2613 2771
2682 2683
2740 2747
2740 2741
2740 2743
2612 2678
2667 2765
2612 2671
2612 2675
2667 2768
2710 2762
2710 2761
2710 2767
2710 2766
2710 2769
2643 2708
2613 2668
2613 2669
2613 2665
2613 2667
2609 2713
2615 2744
2609 2717
2609 2716
2609 2715
2609 2714
2687 2751
2687 2753
2687 2752
2745 2754
2654 2770
2657 2750
2657 2754
2657 2755
2657 2759
2705 2765
2623 2650
2623 2658
2729 2741
2615 2686
2615 2688
2691 2721
2691 2720
2705 2751
2691 2729
2729 2771
2639 2708
2632 2725
2629 2632
2675 2691
2675 2692
2675 2694
2675 2696
2675 2699
2632 2720
2609 2613
2632 2728
2671 2762
2671 2768
2612 2617
2612 2615
2637 2714
2669 2725
2669 2726
2669 2720
2669 2721
2669 2728
2669 2729
2643 2720
2643 2721
2643 2725
2643 2728
2643 2729
2613 2682
2667 2745
2615 2762
2615 2761
2615 2760
2615 2767
2615 2766
2684 2696
2684 2699
2678 2699
2678 2692
2678 2691
2678 2696
2678 2694
2654 2714
2654 2717
2654 2716
2654 2710
2654 2713
2654 2712
2665 2713
2665 2712
2623 2678
2623 2677
2615 2617
2650 2669
2650 2668
2684 2751
2684 2752
2684 2753
2617 2631
2617 2640
2640 2769
2671 2741
2671 2745
2760 2765
2760 2767
2760 2762
2612 2631
2628 2662
2628 2661
2631 2640
2643 2745
2643 2743
2643 2740
2643 2741
2733 2759
2735 2765
2611 2682
2733 2751
2733 2756
2668 2765
2668 2762
2668 2760
2654 2731
2721 2725
2654 2735
2750 2764
2750 2763
2650 2708
2650 2709
2657 2714
2650 2707
2650 2704
2650 2705
2688 2761
2688 2762
2688 2767
2688 2766
2623 2696
2623 2699
2658 2668
2658 2667
2716 2762
2716 2765
2716 2767
2665 2691
2665 2699
2752 2753
2627 2684
2627 2687
2710 2755
2627 2682
2617 2661
2617 2665
2617 2667
2617 2668
2617 2669
2765 2768
2632 2679
2632 2677
2632 2675
2632 2672
2632 2671
2609 2729
2640 2662
2734 2765
2734 2767
2734 2760
2734 2762
2650 2745
2693 2769
2693 2761
2693 2764
2628 2640
2637 2754
2637 2755
2637 2750
2623 2731
2623 2730
2623 2734
2623 2736
2631 2665
2631 2661
2631 2662
2643 2764
2643 2763
2732 2756
2714 2757
2714 2755
2733 2771
2668 2709
2642 2713
2668 2707
2642 2715
2650 2720
2650 2725
2650 2726
2650 2728
2688 2744
2688 2742
2624 2729
2717 2757
2717 2753
2717 2752
2716 2745
2716 2744
2716 2741
2717 2736
2729 2759
2613 2763
2613 2765
2613 2768
2615 2627
2615 2628
2754 2759
2754 2756
2754 2755
2632 2654
2632 2650
2755 2770
2628 2691
2657 2693
2657 2695
2693 2747
2693 2743
2693 2741
2693 2740
2696 2731
2696 2734
2696 2736
2637 2770
2623 2717
2623 2712
2624 2764
2704 2730
2704 2733
2704 2732
2665 2715
2665 2716
2669 2691
2714 2770
2735 2764
2735 2763
2735 2768
2612 2752
2642 2732
2668 2720
2642 2735
2668 2728
2686 2736
2611 2759
2611 2751
2611 2756
2611 2754
2704 2721
2704 2726
2717 2734
2665 2705
2717 2731
2665 2708
2716 2728
2716 2725
2716 2726
2716 2720
2715 2720
2650 2678
2624 2682
2624 2683
2627 2640
2612 2753
2612 2751
2613 2745
2617 2628
2617 2629
2617 2624
2617 2627
2754 2771
2617 2623
2687 2696
2694 2707
2709 2760
2709 2762
2709 2765
2709 2767
2707 2716
2687 2699
2642 2733
2693 2725
2693 2729
2696 2717
2696 2716
2696 2712
2742 2757
2742 2752
2628 2688
2665 2735
2665 2732
2665 2730
2628 2682
2628 2683
2628 2686
2761 2770
2735 2745
2735 2741
2714 2716
2632 2750
2632 2755
2632 2754
2632 2756
2632 2759
2631 2770
2733 2735
2642 2756
2642 2754
2642 2750
2642 2759
2650 2768
2650 2760
2611 2771
2612 2677
2631 2762
2699 2752
2699 2753
2699 2751
2661 2686
2708 2754
2615 2712
2708 2750
2654 2688
2654 2686
2654 2683
2654 2682
2708 2759
2669 2708
2612 2734
2612 2736
2612 2731
2637 2639
2627 2665
2627 2661
2669 2704
2627 2669
2627 2668
2642 2745
2613 2728
2613 2725
2613 2726
2613 2721
2613 2720
2642 2741
2686 2712
2686 2710
2686 2716
2686 2717
2756 2764
2756 2763
2756 2768
2615 2662
2615 2661
2643 2704
2683 2755
2683 2757
2683 2759
2668 2684
2668 2687
2668 2682
2736 2762
2736 2760
2736 2767
2736 2765
2611 2768
2629 2708
2629 2709
2629 2704
2629 2705
2742 2770
2623 2753
2623 2752
2623 2751
2665 2759
2665 2756
2704 2771
2624 2735
2654 2677
2725 2729
2725 2728
2629 2765
2751 2753
2609 2643
2632 2771
2609 2712
2631 2752
2609 2710
2631 2757
2615 2742
2642 2771
2753 2762
2753 2760
2753 2767
2753 2765
2611 2716
2611 2715
2611 2713
2721 2733
2612 2712
2612 2717
2612 2716
2643 2665
2643 2669
2613 2705
2613 2704
2613 2709
2613 2708
2729 2769
2624 2759
2624 2750
2624 2756
2624 2754
2624 2755
2640 2720
2686 2731
2686 2734
2615 2640
2694 2744
2694 2742
2709 2728
2709 2726
2709 2720
2683 2770
2679 2732
2679 2733
2679 2735
2639 2654
2629 2720
2696 2752
2696 2751
2629 2725
2629 2726
2629 2728
2661 2675
2661 2671
2661 2679
2665 2771
2704 2756
2704 2759
2745 2764
2745 2768
2725 2745
2725 2747
2725 2741
2725 2740
2725 2743
2609 2669
2609 2667
2632 2714
2609 2665
2632 2716
2609 2662
2632 2713
2631 2736
2631 2735
2631 2731
2627 2650
2627 2654
2611 2735
2611 2730
2611 2732
2611 2733
2699 2716
2699 2717
2699 2712
2704 2715
2665 2733
2763 2764
2627 2629
2627 2628
2637 2672
2637 2679
2617 2686
2617 2687
2617 2684
2617 2682
2730 2756
2640 2707
2640 2708
2686 2757
2686 2752
2686 2753
2671 2712
2728 2751
2728 2754
2728 2756
2728 2759
2679 2710
2679 2713
2679 2714
2679 2715
2679 2716
2726 2730
2726 2733
2726 2732
2726 2735
2726 2734
2726 2736
2694 2766
2694 2767
2694 2761
2694 2762
2650 2682
2650 2687
2650 2684
2683 2716
2683 2710
2683 2713
2683 2712
2747 2759
2747 2750
2747 2754
2747 2755
2639 2679
2639 2672
2639 2677
2639 2675
2695 2710
2695 2714
2629 2745
2707 2712
2707 2713
2707 2710
2707 2717
2672 2683
2672 2682
2672 2688
2725 2763
2725 2764
2725 2768
2632 2733
2632 2732
2632 2735
2631 2714
2631 2716
2631 2713
2662 2761
2662 2766
2662 2769
2730 2760
2730 2765
2730 2768
2661 2691
2661 2693
2708 2745
2699 2734
2699 2736
2699 2730
2699 2731
2669 2730
2637 2657
2744 2762
2744 2761
2744 2766
2744 2767
2624 2716
2624 2714
2624 2715
2624 2712
2624 2710
2640 2767
2640 2766
2640 2761
2640 2762
2671 2699
2728 2771
2643 2735
2643 2732
2631 2639
2679 2771
2720 2741
2720 2745
2650 2665
2650 2667
2683 2735
2650 2765
2747 2770
2611 2679
2611 2671
2611 2672
2611 2675
2639 2691
2639 2693
2639 2692
2639 2695
2639 2694
2688 2707
2629 2768
2708 2763
2708 2764
2708 2765
2708 2768
2707 2730
2707 2731
2707 2734
2707 2735
2707 2736
2732 2759
2732 2751
2732 2754
2627 2762
2627 2760
2665 2669
2665 2668
2665 2667
2628 2712
2628 2713
2628 2710
2628 2716
2628 2717
2628 2714
2677 2684
2677 2686
2677 2687
2677 2682
2743 2747
2677 2688
2669 2679
2669 2675
2669 2672
2669 2671
2662 2747
2662 2744
2662 2742
2662 2741
2662 2740
2759 2771
2609 2628
2609 2627
2609 2624
2631 2686
2731 2753
2731 2752
2731 2751
2679 2695
2679 2691
2679 2693
2730 2745
2632 2637
2691 2725
2705 2753
2632 2639
2736 2752
2736 2751
2658 2682
2658 2687
2658 2686
2658 2684
2661 2752
2661 2755
2661 2757
2624 2732
2624 2733
2640 2742
2640 2744
2712 2731
2712 2736
2712 2734
2712 2735
2742 2744
2679 2754
2679 2755
2679 2756
2679 2750
2679 2759
2631 2691
2631 2693
2631 2692
2631 2695
2631 2694
2631 2696
2720 2762
2720 2765
2720 2768
2642 2679
2678 2731
2678 2730
2678 2734
2678 2736
2611 2650
2695 2757
2695 2755
2695 2750
2708 2741
2661 2692
2661 2694
2661 2695
2661 2696
2708 2747
2692 2761
2667 2671
2707 2752
2707 2753
2707 2751
2713 2730
2713 2733
2713 2732
2713 2735
2732 2771
2627 2767
2627 2765
2627 2768
2682 2752
2682 2751
2682 2756
2682 2754
2682 2759
2628 2731
2628 2735
2743 2763
2743 2764
2743 2769
2640 2686
2640 2682
2640 2683
2640 2688
2662 2729
2627 2667
2678 2684
2667 2678
2631 2683
2667 2675
2667 2677
2692 2766
2692 2767
2667 2672
2643 2682
2617 2726
2665 2728
2757 2770
2731 2734
2731 2736
2654 2767
2665 2725
2657 2725
2642 2665
2654 2665
2654 2661
2654 2662
2675 2761
2675 2762
2675 2767
2671 2687
2671 2684
2671 2682
2637 2695
2637 2693
2637 2691
2661 2770
2672 2707
2671 2765
2712 2713
2712 2716
2671 2760
2728 2733
2728 2732
2728 2730
2728 2735
2612 2684
2612 2687
2612 2686
2612 2688
2726 2753
2726 2751
2726 2756
2617 2732
2617 2733
2617 2730
2617 2731
2617 2736
2617 2734
2617 2735
2613 2617
2678 2717
2678 2716
2678 2713
2678 2712
2678 2710
2657 2679
2611 2632
2708 2728
2708 2729
2708 2726
2708 2725
2708 2720
2708 2721
2695 2770
2713 2717
2713 2716
2713 2715
2713 2714
2715 2743
2715 2741
2715 2745
2627 2745
2682 2771
2769 2770
2624 2679
2628 2752
2624 2671
2624 2672
2624 2675
2624 2677
2692 2742
2667 2691
2667 2699
2632 2747
2677 2753
2677 2751
2721 2759
2721 2750
2721 2756
2721 2754
2705 2720
2705 2726
2705 2728
2632 2683
2632 2682
2629 2682
2629 2687
2683 2750
2683 2754
2675 2744
2675 2741
2675 2765
2661 2714
2661 2717
2661 2716
2661 2710
2661 2713
2661 2712
2675 2766
2672 2720
2672 2721
2672 2725
2710 2712
2710 2716
2669 2754
2710 2714
2669 2756
2669 2759
2667 2730
2667 2733
2667 2732
2667 2735
2667 2734
2667 2736
2609 2769
2752 2760
2609 2763
2609 2764
2752 2762
2617 2712
2617 2713
2720 2728
2617 2716
2617 2717
2720 2726
2720 2721
2611 2613
2611 2617
2688 2716
2688 2710
2658 2707
2658 2705
2658 2709
2708 2709
2713 2771
2715 2763
2715 2764
2715 2768
2627 2728
2627 2726
2732 2735
2627 2725
2627 2720
2732 2733
2669 2751
2682 2716
2682 2717
2682 2714
2682 2715
2682 2712
2682 2713
2682 2710
2628 2770
2624 2654
2741 2771
2609 2688
2609 2683
2609 2682
2684 2720
2684 2726
2672 2708
2691 2733
2721 2771
2691 2750
2691 2757
2691 2754
2691 2755
2691 2759
2705 2709
2639 2770
2629 2665
2629 2667
2629 2669
2629 2668
2675 2725
2675 2726
2675 2720
2661 2731
2661 2735
2712 2717
2740 2770
2766 2770
2672 2747
2672 2744
2672 2745
2672 2740
2672 2741
2669 2771
2712 2757
2712 2751
2712 2752
2712 2753
2667 2716
2667 2715
2667 2713
2667 2712
2612 2640
2609 2741
2615 2710
2609 2745
2609 2747
2678 2753
2678 2751
2687 2709
2687 2707
2687 2705
2678 2752
2713 2759
2713 2751
2713 2756
2713 2755
2713 2754
2657 2769
2657 2764
2658 2720
2658 2726
2627 2705
2627 2707
2627 2708
2627 2709
2682 2735
2682 2736
2682 2730
2682 2731
2682 2732
2682 2733
2662 2682
2624 2631
2624 2632
2623 2627
2640 2661
2627 2671
2627 2672
2741 2759
2741 2754
2741 2755
2741 2756
2741 2750
2612 2720
2692 2709
2692 2707
2677 2716
2677 2717
2677 2712
2677 2713
2677 2710
2643 2691
2684 2707
2684 2705
2684 2709
2665 2754
2757 2767
2705 2768
2691 2770
2705 2760
2639 2750
2757 2761
2639 2755
2639 2757
2729 2740
2729 2743
2729 2745
2729 2747
2629 2642
2628 2692
2734 2736
2675 2707
2675 2705
2675 2709
2675 2708
2671 2732
2671 2733
2671 2730
2671 2731
2671 2736
2671 2734
2671 2735
2672 2764
2672 2761
2672 2763
2672 2769
2682 2692
2682 2691
2682 2696
2682 2695
2740 2759
2740 2750
2740 2755
2740 2754
2667 2771
2628 2639
2628 2631
2612 2668
2669 2715
2710 2757
2669 2716
2710 2752
2669 2713
2609 2726
2609 2725
2609 2720
2609 2721
2609 2728
2643 2713
2643 2715
2617 2751
2617 2752
2617 2753
2613 2671
2615 2731
2615 2734
2615 2736
2687 2720
2687 2726
2623 2671
2654 2742
2654 2741
2654 2747
2654 2744
2715 2728
2715 2729
2657 2747
2657 2743
2715 2721
2657 2741
2657 2740
2609 2640
2684 2765
2684 2760
2684 2762
2615 2696
2615 2694
2615 2692
2615 2691
2628 2677
2677 2734
2677 2735
2677 2736
2677 2730
2677 2731
2677 2732
2721 2735
2721 2732
2691 2716
2691 2717
2691 2714
2691 2715
2691 2712
2691 2713
2691 2710
2639 2735
2729 2764
2729 2763
2654 2671
2683 2742
2671 2713
2671 2715
2671 2716
2671 2717
2669 2733
2669 2732
2710 2770
2669 2735
2686 2688
2631 2632
2643 2733
2613 2699
2667 2759
2667 2753
2667 2751
2667 2756
2667 2754
2609 2708
2609 2709
2615 2757
2609 2707
2615 2752
2762 2766
2762 2767
2678 2688
2678 2682
2613 2716
2678 2687
2678 2686
2654 2769
2654 2761
2654 2762
2654 2766
2657 2729
2658 2765
2658 2767
2658 2760
2658 2762
2623 2668
2752 2767
2752 2766
2686 2696
2686 2694
2686 2692
2617 2658
2617 2650
2617 2654
2691 2735
2691 2732
2639 2714
2639 2716
2639 2717
2639 2710
2639 2712
2639 2713
2675 2682
2675 2683
2675 2686
2675 2687
2675 2688
2628 2757
2629 2733
2631 2679
2658 2699
2612 2623
2672 2678
2672 2679
2612 2627
2612 2628
2672 2677
2672 2675
2628 2675
2637 2729
2628 2672
2637 2725
2628 2679
2628 2678
2631 2654
2643 2755
2643 2754
2643 2756
2643 2750
2643 2759
2677 2678
2687 2765
2684 2687
2691 2693
2691 2692
2691 2695
2611 2691
2687 2760
2687 2762
2668 2752
2668 2753
2668 2751
2750 2759
2654 2708
2654 2707
2650 2713
2650 2717
2677 2752
2726 2745
2623 2684
2623 2687
2665 2682
2617 2707
2720 2731
2720 2730
2750 2754
2750 2755
2617 2678
2617 2677
2617 2675
2617 2672
2617 2671
2665 2745
2632 2669
2632 2665
2632 2667
2632 2661
2650 2712
2650 2716
2705 2730
2671 2759
2671 2754
2671 2756
2671 2751
2671 2752
2671 2753
2678 2735
2628 2654
2637 2747
2637 2741
2637 2740
2637 2743
2631 2672
2631 2671
2631 2677
2631 2675
2643 2771
2631 2678
2627 2675
2714 2741
2714 2740
2714 2743
2714 2742
2714 2747
2733 2741
2733 2745
2642 2708
2642 2704
2650 2735
2650 2734
2650 2733
2650 2732
2650 2731
2688 2770
2628 2671
2717 2762
2717 2760
2717 2766
2717 2767
2658 2671
2658 2677
2658 2675
2632 2764
2627 2696
2627 2692
2627 2691
2627 2699
2615 2631
2615 2639
2632 2643
2632 2642
2708 2715
2658 2716
2688 2691
2688 2696
2693 2770
2637 2769
2637 2763
2623 2726
2611 2729
2669 2682
2708 2713
2735 2771
2714 2769
2714 2764
2714 2761
2733 2763
2733 2764
2733 2765
2733 2768
2642 2729
2668 2716
2668 2717
2642 2725
2668 2712
2642 2721
2642 2720
2650 2756
2650 2751
2650 2753
2611 2741
2688 2752
2611 2745
2688 2757
2717 2742
2717 2744
2716 2751
2716 2752
2716 2753
2672 2729
2624 2693
2624 2691
2624 2695
2612 2762
2612 2760
2612 2766
2612 2767
2617 2632
2754 2763
2754 2764
2754 2768
2710 2713
2710 2717
2755 2764
2755 2763
2755 2769
2694 2710
2694 2712
2694 2717
2662 2679
2624 2661
2734 2751
2734 2752
2734 2753
2696 2753
2707 2720
2657 2683
2693 2750
2693 2755
2693 2759
2696 2720
2628 2696
2628 2695
2628 2694
2628 2693
2623 2705
2623 2707
2623 2709
2665 2707
2665 2704
2704 2725
2704 2728
2665 2709
2662 2712
2761 2769
2761 2767
2761 2766
2733 2754
2735 2759
2735 2751
2735 2756
2735 2754
2631 2769
2631 2761
2631 2767
2631 2766
2661 2677
2668 2734
2668 2736
2668 2730
2668 2731
2661 2672
2661 2678
2611 2765
2611 2764
2611 2763
2688 2731
2717 2720
2671 2679
2671 2678
2671 2677
2671 2675
2671 2672
2716 2736
2716 2734
2716 2735
2716 2732
2716 2730
2716 2731
2720 2725
2612 2744
2627 2658
2613 2759
2750 2769
2613 2751
2613 2754
2613 2756
2704 2751
2704 2754
2613 2632
2686 2709
2686 2707
2624 2637
2615 2678
2615 2675
2615 2677
2615 2672
2694 2731
2617 2691
2668 2699
2668 2696
2631 2717
2624 2769
2736 2753
2745 2763
2696 2709
2629 2715
2696 2705
2696 2707
2623 2765
2623 2762
2623 2760
2704 2708
2642 2728
2665 2720
2665 2721
2665 2726
2665 2751
2632 2691
2705 2731
2705 2736
2632 2695
2705 2734
2714 2729
2714 2725
2632 2743
2632 2740
2632 2741
2632 2745
2631 2747
2631 2744
2631 2742
2642 2768
2642 2763
2642 2764
2688 2714
2611 2704
2688 2712
2611 2708
2688 2717
2699 2768
2699 2765
2699 2762
2699 2760
2716 2717
2632 2715
2609 2661
2654 2691
2654 2692
2654 2693
2654 2694
2654 2695
2654 2696
2627 2678
2627 2677
2613 2735
2613 2732
2613 2733
2613 2730
2624 2741
2624 2740
2624 2743
2624 2745
2624 2747
2756 2771
2615 2707
2615 2654
2615 2658
2694 2757
2694 2752
2709 2751
2709 2752
2709 2753
2683 2743
2683 2740
2683 2741
2683 2747
2679 2721
2679 2720
2679 2725
2679 2729
2668 2671
2668 2675
2668 2677
2668 2678
2693 2714
2693 2710
2693 2713
2696 2766
2696 2767
2629 2735
2696 2762
2629 2732
2696 2760
2629 2730
2742 2766
2742 2767
2742 2761
2742 2762
2742 2769
2661 2665
2661 2662
2752 2757
2627 2686
2704 2768
2704 2765
2704 2763
2665 2741
2725 2732
2725 2733
2725 2735
2632 2768
2609 2650
2632 2763
2609 2654
2631 2720
2688 2692
2688 2694
2611 2728
2611 2721
2611 2720
2611 2726
2611 2725
2699 2705
2699 2707
2699 2709
2612 2705
2612 2707
2612 2709
2643 2672
2643 2679
2613 2715
2617 2699
2617 2696
2617 2692
2624 2763
2640 2731
2640 2736
2640 2735
2686 2744
2756 2759
2686 2742
2639 2640
2729 2735
2755 2759
2709 2736
2709 2734
2709 2735
2709 2732
2709 2730
2709 2731
2624 2657
2679 2708
2694 2770
2683 2769
2683 2761
2683 2764
2696 2744
2629 2756
2629 2751
2707 2708
2665 2765
2665 2763
2665 2768
2715 2725
2691 2741
2751 2760
2751 2765
2751 2768
2725 2759
2725 2756
2725 2754
2725 2755
2725 2750
2609 2671
2609 2672
2609 2675
2632 2708
2609 2677
2609 2678
2609 2679
2632 2704
2631 2708
2631 2707
2699 2728
2699 2720
2699 2726
2693 2695
2763 2771
2707 2709
2627 2631
2627 2632
2643 2657
2637 2662
2654 2720
2744 2770
2704 2745
2640 2710
2640 2712
2640 2713
2640 2714
2624 2708
2640 2716
2640 2717
2650 2736
2650 2730
2728 2745
2709 2716
2709 2717
2709 2712
2709 2713
2686 2762
2686 2761
2686 2760
2686 2767
2686 2766
2679 2769
2679 2764
2679 2763
2726 2728
2678 2765
2720 2759
2720 2751
2720 2753
2720 2752
2720 2754
2720 2756
2650 2699
2650 2696
2650 2691
2624 2771
2683 2708
2747 2763
2639 2661
2639 2662
2695 2729
2629 2771
2745 2771
2708 2771
2707 2726
2672 2695
2672 2691
2672 2692
2672 2693
2745 2759
2732 2741
2745 2751
2732 2745
2745 2756
2705 2707
2628 2708
2628 2707
2677 2692
2677 2691
2677 2696
2677 2694
2677 2699
2725 2771
2609 2617
2632 2726
2609 2615
2632 2721
2609 2611
2632 2729
2662 2770
2658 2678
2731 2762
2731 2760
2731 2766
2731 2767
2637 2643
2744 2757
2624 2728
2744 2752
2624 2721
2624 2720
2624 2725
2640 2770
2712 2720
2712 2726
2637 2759
2728 2768
2728 2765
2679 2743
2679 2741
2679 2740
2679 2747
2679 2745
2720 2771
2650 2672
2650 2671
2650 2677
2650 2675
2683 2725
2683 2729
2611 2669
2611 2667
2611 2665
2639 2682
2639 2683
2639 2688
2695 2747
2695 2741
2695 2740
2695 2743
2708 2756
2661 2683
2661 2682
2708 2751
2661 2688
2707 2744
2732 2768
2732 2765
2732 2763
2682 2741
2682 2745
2682 2747
2696 2699
2665 2678
2665 2679
2665 2672
2665 2671
2665 2677
2665 2675
2628 2720
2743 2759
2743 2754
2743 2755
2743 2750
2640 2695
2640 2694
2640 2696
2640 2691
2640 2693
2640 2692
2662 2755
2662 2757
2667 2669
2667 2668
2609 2639
2609 2631
2609 2632
2731 2744
2679 2682
2679 2683
2730 2751
2730 2753
2759 2763
2759 2764
2683 2714
2658 2696
2658 2692
2671 2696
2671 2691
2661 2742
2661 2741
2661 2747
2661 2744
2640 2757
2640 2752
2672 2710
2672 2713
2672 2712
2672 2715
2672 2714
2672 2717
2672 2716
2624 2640
2624 2642
2662 2692
2662 2695
2726 2765
2726 2760
2726 2768
2617 2728
2631 2688
2631 2682
2617 2720
2695 2713
2650 2658
2642 2667
2642 2669
2678 2720
2678 2726
2632 2693
2611 2642
2611 2643
2708 2735
2708 2730
2708 2733
2708 2732
2714 2750
2695 2769
2695 2761
2695 2764
2707 2762
2707 2760
2707 2767
2707 2766
2707 2765
2713 2728
2713 2729
2713 2720
2713 2721
2713 2726
2713 2725
2715 2759
2715 2750
2715 2754
2715 2756
2627 2753
2627 2752
2627 2751
2682 2765
2682 2763
2682 2768
2628 2744
2628 2747
2628 2742
2694 2696
2667 2682
2667 2684
2667 2687
2692 2757
2692 2752
2677 2744
2757 2766
2757 2762
2757 2769
2668 2705
2615 2716
2615 2717
2730 2736
2730 2734
2730 2735
2730 2732
2730 2733
2721 2741
2721 2743
2721 2745
2654 2678
2654 2679
2654 2675
2654 2672
2609 2692
2661 2761
2661 2762
2661 2766
2661 2767
2661 2769
2613 2650
2672 2735
2672 2733
2672 2732
2637 2683
2764 2771
2692 2696
2692 2694
2712 2767
2712 2766
2712 2761
2712 2760
2712 2762
2768 2771
2668 2726
2612 2696
2612 2694
2612 2692
2612 2699
2609 2770
2617 2709
2617 2708
2720 2733
2720 2732
2617 2705
2720 2736
2720 2735
2720 2734
2642 2643
2678 2709
2678 2705
2678 2707
2611 2627
2611 2624
2611 2629
2708 2712
2658 2712
2708 2716
2658 2717
2708 2714
2715 2771
2627 2735
2627 2734
2627 2736
2627 2731
2627 2730
2627 2733
2627 2732
2682 2709
2682 2708
2682 2705
2682 2707
2628 2769
2628 2762
2628 2761
2628 2767
2628 2766
2624 2669
2624 2662
2662 2672
2624 2667
2662 2675
2624 2665
2640 2654
2662 2714
2741 2764
2662 2716
2662 2710
2741 2763
2662 2713
2741 2769
2692 2736
2692 2731
2677 2767
2677 2766
2677 2765
2677 2762
2677 2760
2721 2768
2704 2735
2721 2764
2721 2763
2705 2732
2691 2740
2691 2745
2691 2744
2691 2747
2705 2735
2639 2761
2639 2766
2639 2769
2629 2699
2609 2735
2675 2751
2675 2752
2675 2753
2675 2757
2661 2707
2631 2710
2661 2708
2631 2712
2637 2764
2672 2759
2672 2755
2672 2754
2672 2757
2672 2750
2669 2741
2669 2745
2712 2742
2712 2744
2667 2728
2667 2720
2667 2721
2667 2726
2667 2725
2662 2683
2609 2759
2615 2709
2609 2755
2609 2754
2609 2752
2609 2751
2617 2765
2617 2767
2617 2760
2617 2762
2617 2768
2613 2624
2613 2627
2613 2629
2678 2766
2678 2767
2678 2762
2678 2760
2687 2712
2687 2717
2687 2716
2683 2691
2683 2693
2683 2695
2658 2736
2658 2734
2658 2731
2658 2730
2713 2764
2713 2765
2713 2763
2692 2744
2713 2769
2627 2713
2627 2712
2627 2710
2627 2717
2627 2716
2682 2721
2682 2720
2682 2726
2682 2725
2682 2729
2682 2728
2661 2720
2662 2691
2662 2693
2624 2643
2662 2694
2640 2677
2640 2675
2640 2672
2640 2671
2640 2679
2640 2678
2657 2763
2741 2743
2741 2747
2741 2745
2692 2713
2692 2712
2692 2710
2692 2717
2692 2716
2677 2705
2677 2707
2677 2709
2677 2708
2609 2695
2609 2693
2609 2691
2684 2730
2684 2731
2684 2736
2684 2734
2705 2712
2705 2716
2691 2764
2691 2763
2691 2761
2691 2769
2639 2747
2639 2744
2639 2742
2639 2741
2639 2740
2629 2671
2747 2769
2747 2764
2675 2736
2675 2734
2675 2735
2675 2732
2675 2730
2675 2731
2632 2657
2740 2764
2740 2763
2766 2767
2740 2769
2671 2728
2671 2720
2671 2725
2671 2726
2672 2770
