2667 2708
2669 2768
2710 2744
2710 2747
2669 2763
2669 2764
2609 2732
2617 2741
2617 2745
2624 2639
2678 2744
2726 2784
2726 2785
2747 2789
2747 2787
2747 2786
2747 2781
2747 2780
2747 2782
2773 2782
2668 2784
2668 2783
2668 2788
2713 2745
2713 2747
2713 2740
2713 2741
2713 2743
2654 2752
2654 2755
2654 2757
2654 2759
2632 2783
2658 2751
2658 2753
2658 2752
2624 2713
2765 2784
2765 2783
2710 2741
2669 2765
2710 2742
2677 2720
2677 2726
2677 2725
2721 2729
2691 2708
2757 2788
2757 2780
2757 2782
2729 2750
2729 2754
2729 2755
2675 2678
2675 2677
2675 2716
2675 2717
2675 2710
2675 2712
2675 2713
2671 2709
2671 2708
2671 2707
2613 2771
2712 2782
2712 2780
2712 2788
2682 2683
2740 2747
2740 2743
2667 2765
2667 2763
2667 2768
2710 2762
2710 2761
2710 2767
2710 2766
2710 2769
2613 2669
2613 2665
2613 2667
2609 2713
2615 2744
2609 2716
2609 2714
2745 2750
2671 2784
2671 2781
2745 2754
2745 2755
2726 2783
2770 2782
2770 2780
2654 2773
2654 2770
2654 2779
2691 2775
2732 2785
2732 2784
2732 2781
2732 2783
2741 2785
2741 2784
2741 2783
2741 2781
2729 2741
2615 2682
2764 2789
2691 2721
2691 2720
2691 2729
2691 2728
2729 2778
2729 2779
2729 2770
2729 2771
2729 2776
2632 2725
2675 2691
2632 2720
2632 2728
2733 2784
2671 2763
2671 2762
2671 2768
2637 2714
2669 2725
2669 2726
2669 2720
2669 2721
2669 2728
2669 2729
2617 2783
2617 2788
2613 2682
2667 2745
2667 2741
2679 2772
2679 2770
2725 2781
2725 2783
2725 2785
2725 2784
2615 2762
2615 2761
2615 2760
2615 2767
2615 2766
2654 2714
2654 2717
2654 2716
2654 2710
2654 2713
2654 2712
2708 2710
2665 2713
2713 2780
2713 2781
2713 2782
2713 2787
2716 2783
2716 2780
2716 2784
2650 2669
2650 2668
2617 2640
2661 2782
2661 2780
2671 2741
2671 2745
2760 2765
2760 2767
2760 2762
2740 2789
2740 2781
2740 2786
2740 2787
2628 2661
2631 2640
2733 2759
2735 2765
2611 2682
2733 2751
2733 2756
2668 2765
2668 2762
2668 2760
2721 2725
2654 2735
2750 2764
2750 2763
2650 2708
2650 2709
2764 2769
2658 2668
2717 2773
2716 2763
2716 2762
2716 2765
2716 2764
2716 2767
2716 2766
2716 2769
2665 2691
2763 2787
2763 2786
2763 2785
2763 2781
2752 2753
2710 2755
2627 2682
2613 2783
2683 2782
2613 2781
2613 2785
2613 2784
2683 2780
2617 2665
2617 2667
2617 2668
2617 2669
2677 2783
2765 2768
2632 2679
2632 2672
2632 2671
2609 2729
2729 2732
2617 2756
2721 2789
2721 2785
2721 2787
2721 2786
2721 2781
2734 2765
2734 2767
2734 2760
2734 2762
2772 2778
2772 2774
2772 2775
2772 2777
2650 2745
2760 2788
2650 2741
2693 2769
2693 2761
2693 2764
2628 2640
2637 2754
2637 2755
2637 2750
2631 2661
2667 2783
2667 2784
2667 2785
2743 2789
2743 2781
2743 2787
2743 2786
2627 2784
2732 2756
2714 2757
2714 2755
2733 2778
2733 2777
2733 2775
2733 2774
2733 2772
2733 2771
2668 2709
2668 2707
2624 2787
2650 2720
2650 2725
2650 2726
2650 2728
2672 2736
2624 2729
2717 2757
2717 2753
2717 2752
2716 2747
2716 2745
2716 2744
2716 2741
2717 2736
2729 2759
2613 2763
2613 2765
2613 2764
2613 2768
2615 2627
2615 2628
2754 2759
2754 2756
2754 2755
2640 2788
2640 2782
2640 2780
2632 2650
2755 2770
2755 2776
2755 2779
2755 2778
2709 2788
2709 2783
2628 2691
2671 2785
2671 2783
2693 2747
2693 2743
2693 2741
2693 2740
2637 2779
2637 2776
2637 2770
2624 2764
2665 2716
2669 2691
2774 2778
2774 2777
2774 2775
2714 2770
2735 2767
2714 2773
2735 2762
2735 2763
2714 2776
2714 2779
2735 2768
2611 2759
2611 2756
2611 2754
2717 2735
2717 2734
2717 2731
2665 2708
2716 2729
2716 2728
2716 2725
2716 2726
2716 2721
2716 2720
2650 2678
2624 2682
2624 2683
2627 2640
2613 2745
2613 2741
2768 2783
2617 2627
2768 2785
2754 2776
2754 2770
2754 2771
2754 2772
2754 2778
2754 2779
2768 2784
2709 2760
2709 2762
2709 2765
2709 2767
2707 2716
2736 2744
2693 2721
2693 2729
2742 2757
2742 2752
2665 2736
2665 2735
2665 2732
2665 2730
2628 2682
2628 2683
2777 2778
2761 2779
2761 2770
2761 2773
2735 2745
2735 2741
2714 2716
2632 2750
2632 2755
2632 2754
2632 2756
2632 2759
2631 2779
2631 2773
2631 2770
2733 2735
2716 2781
2650 2768
2753 2784
2650 2760
2611 2771
2611 2774
2611 2775
2611 2778
2631 2762
2708 2754
2615 2712
2708 2750
2654 2683
2654 2682
2708 2759
2669 2708
2637 2639
2627 2665
2627 2668
2613 2728
2613 2725
2613 2726
2613 2721
2613 2720
2756 2765
2756 2764
2756 2763
2756 2768
2615 2661
2709 2744
2683 2755
2683 2759
2752 2788
2734 2788
2668 2682
2650 2771
2736 2762
2736 2760
2736 2767
2736 2765
2693 2708
2611 2768
2742 2773
2742 2770
2766 2782
2742 2779
2766 2788
2665 2759
2665 2756
2665 2753
2624 2735
2725 2726
2654 2677
2725 2729
2725 2728
2745 2783
2745 2781
2745 2785
2745 2784
2627 2774
2751 2753
2751 2752
2714 2735
2632 2777
2632 2775
2632 2772
2632 2771
2631 2752
2609 2710
2631 2757
2787 2789
2615 2742
2753 2762
2650 2783
2753 2760
2753 2767
2650 2784
2753 2765
2611 2716
2611 2713
2767 2773
2672 2782
2672 2780
2613 2708
2729 2769
2624 2759
2624 2750
2624 2754
2624 2755
2640 2720
2615 2640
2709 2726
2709 2720
2683 2776
2683 2773
2683 2770
2683 2779
2679 2732
2679 2733
2679 2735
2639 2654
2779 2782
2665 2772
2665 2771
2665 2777
2665 2775
2665 2774
2665 2778
2745 2765
2745 2764
2745 2768
2751 2777
2751 2775
2751 2774
2751 2772
2725 2745
2725 2747
2725 2741
2609 2665
2632 2716
2632 2713
2631 2735
2631 2731
2627 2650
2627 2654
2735 2781
2735 2783
2735 2784
2611 2735
2611 2730
2611 2732
2611 2733
2730 2783
2730 2785
2730 2784
2750 2789
2750 2787
2750 2786
2750 2781
2665 2733
2763 2764
2627 2628
2637 2679
2744 2788
2617 2682
2744 2782
2624 2770
2730 2756
2624 2776
2624 2778
2624 2779
2640 2707
2640 2709
2671 2712
2728 2751
2728 2754
2728 2756
2728 2759
2679 2710
2679 2713
2679 2714
2679 2716
2726 2730
2726 2733
2726 2732
2726 2735
2726 2736
2650 2682
2683 2716
2683 2710
2683 2713
2747 2759
2747 2750
2747 2754
2747 2755
2639 2679
2639 2672
2695 2710
2695 2716
2695 2714
2658 2788
2708 2784
2708 2785
2708 2787
2708 2781
2708 2783
2707 2712
2707 2710
2707 2717
2672 2683
2672 2682
2753 2783
2745 2747
2714 2717
2725 2763
2725 2765
2725 2764
2725 2768
2632 2733
2632 2732
2632 2730
2632 2735
2631 2714
2631 2716
2631 2713
2771 2778
2771 2775
2771 2777
2730 2765
2730 2768
2708 2740
2661 2691
2661 2693
2708 2745
2669 2730
2744 2762
2744 2761
2744 2766
2744 2767
2624 2716
2624 2714
2624 2710
2640 2767
2640 2766
2640 2761
2640 2760
2640 2762
2756 2785
2756 2784
2756 2783
2756 2781
2764 2786
2764 2787
2764 2785
2764 2781
2728 2777
2728 2775
2728 2774
2728 2772
2728 2771
2728 2778
2631 2639
2720 2781
2679 2778
2679 2779
2679 2776
2679 2771
2720 2741
2720 2747
2720 2745
2650 2665
2650 2667
2753 2788
2683 2735
2650 2765
2747 2770
2747 2776
2747 2778
2747 2779
2611 2679
2611 2671
2639 2691
2639 2693
2639 2695
2611 2772
2708 2763
2708 2764
2708 2768
2708 2769
2707 2731
2707 2734
2707 2735
2707 2736
2732 2759
2627 2788
2732 2753
2732 2751
2732 2754
2627 2783
2627 2762
2627 2760
2732 2774
2732 2775
2665 2669
2732 2777
2665 2667
2628 2712
2628 2713
2628 2710
2628 2716
2628 2717
2628 2714
2677 2682
2743 2745
2743 2747
2669 2679
2669 2671
2759 2776
2759 2772
2759 2771
2759 2770
2759 2779
2759 2778
2609 2628
2609 2627
2609 2624
2731 2753
2731 2752
2731 2751
2679 2695
2679 2691
2679 2693
2730 2745
2730 2741
2691 2725
2736 2752
2736 2751
2675 2788
2675 2783
2658 2682
2632 2785
2661 2759
2661 2750
2661 2755
2661 2757
2624 2732
2640 2742
2640 2744
2712 2731
2712 2736
2712 2734
2712 2735
2742 2744
2679 2754
2679 2755
2679 2756
2679 2750
2679 2759
2726 2775
2726 2774
2726 2777
2726 2771
2726 2772
2726 2778
2631 2691
2631 2695
2720 2762
2720 2763
2720 2764
2720 2765
2720 2768
2720 2769
2762 2780
2762 2788
2678 2731
2678 2734
2678 2736
2611 2650
2695 2757
2695 2754
2695 2755
2695 2750
2695 2759
2708 2741
2708 2743
2661 2695
2708 2747
2667 2671
2693 2782
2693 2781
2693 2780
2693 2787
2693 2786
2693 2789
2707 2757
2707 2752
2707 2753
2707 2751
2713 2732
2713 2735
2732 2771
2732 2772
2627 2766
2627 2767
2627 2765
2732 2778
2627 2768
2682 2752
2682 2753
2682 2751
2682 2754
2682 2759
2628 2731
2628 2735
2628 2736
2743 2763
2743 2764
2743 2769
2640 2682
2640 2683
2627 2667
2631 2683
2735 2778
2617 2726
2665 2728
2757 2770
2757 2773
2731 2735
2731 2734
2731 2736
2654 2767
2665 2725
2786 2789
2786 2787
2654 2661
2675 2761
2675 2760
2675 2762
2675 2767
2671 2682
2671 2683
2637 2695
2637 2693
2661 2779
2661 2773
2661 2770
2672 2707
2637 2781
2671 2765
2712 2713
2712 2714
2712 2716
2671 2764
2728 2733
2728 2732
2728 2730
2728 2735
2726 2753
2726 2751
2726 2756
2617 2732
2617 2733
2617 2730
2617 2731
2617 2736
2617 2734
2617 2735
2613 2617
2678 2717
2678 2712
2611 2632
2708 2728
2708 2729
2708 2726
2708 2725
2708 2720
2708 2721
2781 2789
2781 2787
2781 2786
2781 2785
2695 2779
2695 2776
2695 2770
2695 2773
2713 2717
2713 2716
2713 2714
2773 2780
2627 2741
2627 2744
2627 2745
2682 2778
2682 2770
2682 2774
2682 2775
2769 2776
2769 2770
2769 2773
2769 2779
2624 2679
2628 2752
2624 2671
2624 2672
2667 2691
2632 2747
2754 2789
2754 2781
2677 2753
2677 2751
2754 2785
2677 2757
2754 2787
2754 2786
2770 2773
2729 2785
2729 2787
2729 2786
2729 2781
2755 2782
2755 2780
2755 2781
2755 2786
2755 2787
2721 2759
2721 2750
2721 2756
2721 2754
2721 2755
2632 2682
2683 2750
2683 2754
2675 2744
2675 2765
2661 2714
2661 2717
2661 2716
2661 2710
2661 2713
2661 2712
2675 2766
2672 2720
2672 2725
2710 2712
2710 2716
2669 2754
2710 2714
2669 2756
2669 2759
2712 2773
2712 2770
2617 2784
2667 2730
2667 2733
2667 2732
2667 2735
2609 2769
2752 2760
2609 2763
2609 2761
2609 2764
2752 2762
2617 2712
2617 2713
2720 2728
2720 2729
2617 2716
2617 2717
2720 2726
2720 2721
2611 2613
2611 2617
2783 2785
2783 2784
2658 2707
2658 2709
2713 2776
2713 2770
2713 2779
2713 2778
2654 2782
2774 2785
2654 2780
2654 2788
2627 2728
2627 2726
2732 2735
2732 2736
2627 2725
2627 2720
2732 2733
2682 2716
2682 2717
2682 2714
2682 2712
2682 2713
2682 2710
2628 2770
2628 2773
2624 2654
2741 2777
2741 2774
2741 2775
2741 2772
2741 2770
2741 2771
2741 2778
2741 2779
2677 2770
2609 2683
2609 2682
2672 2708
2691 2733
2721 2771
2721 2772
2721 2776
2721 2778
2691 2750
2691 2751
2691 2756
2691 2754
2691 2755
2691 2759
2639 2773
2639 2770
2639 2776
2639 2779
2675 2726
2675 2720
2661 2735
2712 2717
2740 2776
2766 2770
2766 2773
2740 2779
2740 2778
2672 2747
2672 2744
2672 2745
2672 2742
2672 2741
2669 2777
2669 2775
2669 2774
2669 2772
2669 2771
2669 2778
2766 2780
2712 2757
2712 2752
2712 2753
2667 2716
2710 2732
2710 2735
2609 2740
2609 2741
2615 2710
2609 2743
2609 2745
2609 2747
2617 2777
2617 2774
2617 2775
2617 2772
2617 2771
2617 2778
2678 2753
2678 2751
2678 2752
2668 2775
2713 2759
2713 2750
2713 2755
2713 2754
2627 2707
2627 2708
2627 2709
2682 2734
2682 2735
2682 2736
2682 2730
2682 2731
2682 2732
2682 2733
2624 2632
2640 2661
2627 2671
2627 2672
2741 2759
2741 2754
2741 2755
2741 2756
2741 2750
2741 2751
2677 2716
2677 2717
2677 2712
2677 2713
2677 2710
2665 2754
2757 2767
2691 2778
2691 2779
2691 2770
2691 2771
2691 2772
2691 2774
2639 2759
2639 2750
2757 2761
2639 2754
2639 2755
2639 2757
2729 2740
2729 2743
2729 2745
2729 2747
2734 2736
2675 2707
2675 2709
2742 2788
2742 2782
2742 2780
2671 2732
2671 2733
2671 2730
2671 2731
2671 2736
2671 2735
2672 2764
2672 2766
2672 2767
2672 2761
2672 2762
2672 2769
2671 2777
2682 2691
2740 2759
2740 2750
2740 2755
2740 2754
2667 2775
2667 2774
2667 2777
2667 2771
2667 2772
2671 2771
2667 2778
2628 2639
2628 2631
2710 2759
2710 2757
2710 2754
2669 2716
2710 2752
2609 2725
2609 2720
2609 2721
2617 2759
2617 2751
2617 2752
2617 2753
2613 2679
2613 2671
2615 2731
2615 2734
2615 2736
2654 2742
2654 2741
2654 2747
2654 2744
2658 2744
2775 2784
2775 2785
2775 2783
2609 2640
2632 2774
2632 2778
2628 2677
2677 2734
2677 2735
2677 2736
2677 2731
2677 2732
2721 2732
2691 2716
2691 2714
2691 2712
2691 2713
2691 2710
2729 2764
2729 2763
2654 2671
2611 2777
2671 2710
2671 2713
2671 2716
2671 2717
2665 2783
2665 2781
2665 2784
2665 2785
2669 2733
2669 2732
2710 2770
2669 2735
2710 2773
2710 2779
2720 2784
2720 2785
2720 2783
2613 2691
2667 2751
2667 2756
2650 2785
2609 2708
2615 2757
2615 2752
2615 2753
2762 2766
2762 2767
2678 2682
2613 2716
2654 2769
2654 2761
2654 2762
2654 2766
2776 2779
2658 2765
2658 2767
2658 2760
2658 2762
2752 2761
2752 2767
2752 2766
2617 2658
2617 2650
2691 2735
2691 2730
2691 2732
2639 2714
2639 2716
2639 2710
2639 2712
2639 2713
2675 2682
2628 2757
2671 2772
2671 2778
2672 2679
2672 2677
2672 2675
2628 2675
2637 2729
2628 2672
2628 2678
2637 2721
2631 2654
2677 2678
2615 2773
2735 2736
2691 2693
2691 2695
2611 2691
2668 2752
2668 2753
2668 2751
2750 2759
2654 2707
2677 2752
2726 2745
2717 2788
2717 2780
2717 2782
2665 2682
2617 2707
2720 2731
2720 2730
2750 2754
2750 2755
2617 2678
2617 2677
2617 2675
2617 2672
2617 2671
2665 2745
2632 2669
2632 2665
2632 2667
2650 2716
2729 2789
2691 2726
2671 2759
2671 2754
2671 2756
2671 2751
2671 2752
2671 2753
2678 2735
2628 2654
2637 2747
2637 2740
2637 2743
2631 2672
2631 2677
2631 2675
2627 2675
2777 2784
2777 2785
2777 2783
2777 2781
2714 2741
2714 2740
2714 2743
2714 2742
2714 2747
2733 2741
2733 2745
2750 2776
2750 2778
2750 2779
2650 2735
2650 2733
2650 2732
2628 2671
2717 2762
2717 2760
2717 2761
2717 2766
2717 2767
2658 2677
2658 2675
2716 2772
2716 2770
2716 2771
2716 2775
2716 2778
2716 2779
2632 2764
2627 2691
2615 2631
2765 2772
2765 2775
2765 2777
2776 2787
2776 2786
2776 2781
2784 2785
2679 2789
2679 2787
2679 2781
2683 2778
2759 2785
2772 2781
2772 2785
2772 2784
2693 2779
2693 2770
2693 2776
2637 2769
2637 2763
2769 2789
2769 2780
2769 2782
2769 2787
2769 2786
2611 2729
2669 2682
2708 2713
2735 2775
2735 2774
2735 2777
2735 2771
2714 2769
2735 2772
2714 2766
2714 2761
2632 2784
2632 2781
2733 2763
2733 2765
2733 2768
2771 2781
2771 2783
2771 2784
2771 2785
2650 2756
2650 2751
2650 2753
2611 2741
2611 2745
2717 2742
2717 2744
2755 2789
2716 2759
2716 2751
2716 2752
2716 2753
2716 2754
2716 2755
2716 2756
2672 2729
2624 2693
2624 2691
2624 2695
2613 2772
2613 2777
2613 2774
2613 2775
2613 2778
2617 2632
2754 2763
2754 2764
2754 2769
2710 2713
2710 2717
2755 2764
2755 2761
2755 2763
2755 2769
2683 2786
2683 2787
2683 2781
2683 2789
2624 2661
2734 2751
2734 2752
2734 2753
2707 2720
2693 2750
2693 2754
2693 2755
2693 2759
2628 2695
2637 2787
2637 2786
2637 2789
2741 2765
2609 2786
2609 2787
2609 2780
2609 2781
2609 2782
2609 2789
2761 2769
2761 2762
2761 2767
2761 2766
2735 2759
2735 2753
2735 2752
2735 2751
2735 2756
2735 2754
2631 2769
2631 2761
2631 2767
2631 2766
2661 2677
2668 2734
2668 2735
2668 2736
2668 2730
2668 2731
2668 2732
2661 2672
2650 2772
2650 2777
2650 2775
2650 2774
2611 2765
2611 2764
2611 2763
2717 2720
2671 2679
2671 2678
2671 2677
2671 2675
2671 2672
2716 2736
2716 2735
2716 2732
2716 2733
2716 2730
2720 2725
2627 2658
2613 2759
2750 2769
2613 2751
2613 2754
2613 2756
2613 2632
2624 2637
2615 2678
2615 2675
2615 2677
2615 2672
2617 2691
2631 2717
2624 2769
2736 2753
2745 2763
2665 2729
2665 2720
2665 2721
2665 2726
2665 2751
2761 2780
2761 2782
2632 2691
2691 2743
2671 2774
2714 2729
2714 2720
2632 2743
2632 2741
2632 2745
2770 2776
2631 2744
2631 2742
2717 2770
2753 2775
2611 2708
2716 2761
2716 2717
2609 2661
2654 2691
2654 2693
2654 2695
2627 2678
2627 2677
2613 2735
2613 2732
2613 2733
2613 2730
2624 2741
2624 2740
2624 2743
2624 2745
2624 2747
2756 2777
2756 2774
2756 2775
2756 2772
2756 2771
2615 2707
2756 2778
2615 2654
2615 2658
2728 2784
2728 2785
2728 2783
2728 2781
2709 2751
2709 2752
2709 2753
2683 2743
2683 2740
2683 2741
2683 2747
2683 2745
2679 2721
2679 2720
2679 2725
2679 2729
2679 2728
2668 2671
2668 2675
2668 2677
2668 2678
2736 2775
2693 2714
2693 2710
2693 2713
2742 2766
2742 2767
2742 2761
2742 2762
2742 2769
2752 2757
2775 2778
2775 2777
2665 2741
2725 2730
2725 2732
2725 2733
2725 2735
2632 2768
2632 2763
2609 2654
2631 2720
2759 2786
2759 2787
2759 2781
2759 2789
2611 2728
2611 2721
2611 2720
2611 2726
2611 2725
2677 2788
2624 2763
2640 2732
2640 2731
2640 2736
2640 2734
2640 2735
2756 2759
2710 2788
2710 2780
2710 2782
2710 2720
2639 2640
2755 2759
2709 2736
2709 2734
2709 2735
2709 2732
2709 2731
2679 2708
2683 2769
2678 2788
2683 2761
2683 2764
2665 2764
2665 2765
2665 2763
2665 2768
2691 2741
2745 2772
2745 2777
2745 2774
2745 2778
2682 2784
2682 2783
2682 2788
2751 2760
2751 2762
2751 2765
2751 2768
2725 2759
2725 2756
2725 2754
2725 2755
2725 2751
2609 2671
2609 2672
2632 2708
2609 2677
2609 2679
2631 2707
2731 2788
2763 2778
2763 2776
2763 2777
2763 2774
2763 2775
2693 2695
2763 2771
2707 2709
2750 2770
2627 2631
2627 2632
2654 2720
2744 2770
2744 2773
2640 2710
2640 2712
2640 2713
2640 2714
2624 2708
2640 2716
2640 2717
2671 2775
2650 2736
2650 2730
2728 2745
2709 2717
2709 2712
2679 2769
2679 2764
2679 2763
2778 2787
2615 2788
2726 2728
2778 2783
2778 2781
2615 2780
2678 2765
2720 2759
2720 2751
2720 2753
2720 2752
2720 2755
2720 2754
2720 2756
2744 2780
2650 2691
2624 2771
2683 2708
2747 2763
2639 2661
2695 2729
2745 2771
2745 2775
2708 2771
2708 2770
2708 2772
2708 2775
2708 2774
2708 2777
2708 2776
2708 2779
2708 2778
2672 2695
2672 2691
2672 2693
2745 2759
2732 2741
2732 2745
2745 2756
2628 2709
2628 2707
2677 2691
2725 2774
2725 2775
2725 2777
2725 2771
2725 2772
2725 2778
2609 2617
2632 2726
2632 2721
2609 2611
2632 2729
2733 2785
2733 2783
2733 2781
2658 2678
2714 2789
2714 2787
2714 2786
2714 2780
2714 2782
2731 2762
2731 2760
2731 2766
2731 2767
2731 2765
2730 2772
2730 2771
2730 2777
2730 2774
2730 2775
2780 2782
2716 2774
2744 2757
2744 2753
2744 2752
2624 2721
2624 2720
2624 2725
2640 2773
2640 2770
2712 2720
2637 2759
2728 2768
2728 2763
2728 2765
2679 2743
2679 2741
2679 2740
2679 2747
2679 2745
2720 2779
2720 2778
2720 2777
2720 2775
2720 2774
2720 2772
2720 2771
2720 2770
2650 2671
2650 2677
2650 2675
2683 2725
2683 2720
2683 2721
2683 2729
2611 2669
2611 2667
2611 2665
2639 2683
2695 2747
2695 2740
2695 2743
2695 2742
2708 2756
2708 2755
2661 2683
2661 2682
2707 2744
2773 2779
2627 2775
2732 2768
2732 2765
2732 2764
2732 2763
2682 2741
2682 2745
2682 2744
2665 2679
2665 2672
2665 2671
2665 2677
2665 2675
2628 2720
2743 2759
2743 2754
2743 2755
2743 2750
2640 2695
2640 2691
2779 2789
2667 2669
2779 2780
2779 2786
2779 2787
2609 2639
2609 2637
2609 2631
2609 2632
2731 2744
2679 2682
2679 2683
2730 2751
2730 2753
2759 2769
2759 2763
2759 2764
2683 2714
2691 2785
2691 2781
2691 2783
2765 2771
2611 2785
2611 2784
2611 2781
2611 2783
2765 2774
2671 2691
2661 2742
2661 2741
2661 2747
2661 2744
2640 2757
2640 2751
2640 2752
2640 2753
2672 2710
2672 2713
2672 2712
2672 2714
2672 2717
2672 2716
2669 2784
2669 2785
2669 2783
2669 2781
2726 2765
2726 2768
2617 2728
2631 2682
2617 2720
2617 2725
2695 2713
2678 2720
2714 2759
2708 2735
2708 2730
2708 2733
2708 2732
2714 2750
2695 2769
2714 2754
2695 2761
2695 2766
2707 2762
2707 2760
2707 2767
2707 2766
2707 2765
2713 2729
2713 2720
2713 2721
2713 2725
2774 2783
2774 2781
2774 2784
2679 2785
2627 2753
2627 2752
2627 2751
2682 2767
2682 2766
2682 2765
2682 2762
2682 2761
2682 2760
2770 2779
2628 2744
2628 2742
2743 2776
2743 2770
2743 2778
2743 2779
2763 2772
2667 2682
2677 2741
2677 2744
2757 2766
2757 2762
2615 2717
2730 2736
2730 2735
2730 2732
2730 2733
2721 2741
2721 2740
2721 2743
2721 2745
2721 2747
2639 2789
2679 2786
2639 2782
2639 2780
2654 2675
2654 2672
2661 2761
2661 2762
2661 2766
2661 2767
2661 2769
2613 2650
2772 2783
2672 2735
2672 2732
2637 2683
2764 2776
2764 2772
2764 2771
2764 2779
2764 2778
2712 2767
2712 2766
2712 2761
2712 2760
2712 2762
2768 2772
2768 2771
2768 2777
2768 2775
2768 2774
2768 2778
2668 2726
2609 2779
2609 2778
2609 2770
2726 2741
2609 2776
2617 2709
2617 2708
2720 2733
2720 2732
2720 2736
2720 2735
2678 2709
2678 2707
2611 2624
2658 2712
2708 2716
2658 2717
2708 2714
2776 2789
2695 2780
2695 2782
2695 2787
2695 2786
2695 2789
2707 2788
2627 2735
2627 2734
2627 2736
2627 2731
2627 2730
2627 2733
2627 2732
2682 2709
2682 2708
2682 2707
2628 2769
2628 2762
2628 2761
2628 2767
2628 2766
2624 2669
2624 2665
2640 2654
2640 2658
2631 2782
2631 2780
2631 2788
2741 2764
2741 2763
2741 2769
2741 2768
2677 2767
2677 2766
2677 2765
2677 2762
2677 2761
2677 2760
2721 2764
2721 2763
2691 2745
2691 2747
2639 2761
2639 2766
2639 2769
2609 2735
2675 2751
2675 2752
2675 2753
2675 2757
2728 2741
2631 2710
2631 2712
2637 2764
2672 2759
2672 2755
2672 2754
2672 2757
2672 2751
2672 2750
2672 2752
2669 2741
2669 2745
2712 2742
2712 2744
2624 2789
2624 2786
2624 2781
2667 2728
2667 2720
2667 2726
2667 2725
2734 2744
2609 2759
2615 2709
2609 2755
2609 2754
2609 2750
2617 2765
2617 2760
2617 2762
2617 2768
2613 2627
2678 2766
2678 2767
2678 2762
2678 2760
2778 2785
2683 2691
2683 2693
2683 2695
2658 2736
2658 2734
2658 2731
2713 2766
2713 2764
2713 2763
2713 2761
2713 2769
2627 2713
2627 2712
2627 2710
2627 2717
2627 2716
2682 2720
2682 2726
2682 2725
2682 2728
2661 2720
2628 2780
2628 2782
2751 2788
2628 2788
2751 2784
2751 2783
2640 2677
2640 2675
2640 2672
2640 2671
2640 2678
2741 2743
2741 2747
2741 2745
2677 2707
2677 2709
2677 2708
2609 2695
2609 2693
2609 2691
2771 2774
2771 2772
2767 2782
2767 2780
2767 2788
2691 2765
2691 2764
2691 2763
2691 2761
2691 2769
2639 2747
2639 2743
2639 2742
2639 2740
2747 2769
2747 2764
2747 2761
2675 2736
2675 2734
2675 2735
2675 2732
2675 2731
2736 2788
2736 2783
2736 2784
2740 2764
2740 2763
2766 2767
2740 2769
2671 2729
2671 2728
2671 2721
2671 2720
2671 2725
2671 2726
2672 2773
2672 2770
2672 2779
2672 2778
