2667 2703
2667 2704
2667 2707
2667 2708
2612 2652
2612 2650
2612 2651
2612 2656
2612 2657
2612 2654
2612 2658
2612 2659
2652 2657
2652 2654
2652 2653
2662 2687
2623 2626
2662 2688
2662 2689
2624 2639
2640 2665
2613 2644
2613 2645
2613 2641
2655 2688
2655 2689
2655 2684
2655 2686
2655 2687
2655 2683
2619 2639
2642 2680
2642 2682
2642 2683
2642 2687
2662 2665
2622 2708
2622 2704
2622 2703
2618 2708
2624 2713
2621 2694
2621 2696
2621 2697
2621 2690
2621 2691
2621 2692
2621 2693
2621 2698
2621 2699
2623 2630
2624 2627
2624 2625
2623 2638
2623 2639
2624 2628
2624 2629
2653 2701
2652 2659
2610 2715
2652 2656
2610 2717
2610 2716
2610 2713
2610 2712
2662 2663
2613 2713
2684 2713
2684 2716
2684 2717
2691 2703
2690 2715
2690 2716
2690 2713
2690 2712
2629 2658
2629 2659
2629 2651
2629 2652
2629 2654
2629 2656
2629 2657
2675 2679
2675 2678
2675 2676
2618 2673
2675 2714
2637 2655
2618 2671
2671 2708
2671 2707
2671 2705
2671 2704
2671 2703
2671 2702
2682 2683
2612 2678
2612 2679
2612 2672
2612 2675
2628 2629
2636 2695
2636 2697
2636 2693
2652 2675
2652 2676
2652 2670
2652 2672
2669 2706
2669 2707
2669 2705
2669 2703
2669 2701
2643 2701
2613 2668
2613 2667
2613 2661
2643 2664
2655 2662
2655 2667
2655 2664
2609 2713
2655 2668
2609 2717
2609 2716
2641 2717
2641 2716
2641 2715
2641 2713
2641 2712
2626 2627
2626 2629
2622 2641
2657 2697
2623 2656
2623 2654
2623 2650
2623 2658
2623 2659
2625 2665
2688 2697
2701 2708
2701 2707
2701 2706
2701 2705
2701 2704
2639 2657
2615 2683
2615 2684
2615 2686
2615 2687
2615 2689
2638 2713
2638 2712
2638 2711
2638 2715
2638 2718
2632 2633
2632 2636
2639 2701
2639 2707
2639 2706
2639 2705
2639 2704
2639 2708
2629 2638
2629 2630
2629 2631
2675 2693
2675 2695
2675 2697
2609 2613
2664 2688
2609 2610
2674 2696
2674 2694
2674 2693
2674 2691
2621 2710
2621 2716
2659 2712
2659 2713
2659 2711
2612 2619
2612 2617
2659 2718
2612 2615
2612 2613
2636 2672
2636 2675
2636 2678
2636 2679
2637 2714
2613 2680
2613 2686
2613 2687
2613 2684
2664 2679
2664 2678
2664 2674
2684 2694
2684 2696
2684 2690
2684 2692
2684 2699
2664 2710
2678 2698
2678 2691
2678 2697
2678 2694
2654 2713
2654 2712
2626 2644
2626 2645
2626 2641
2623 2677
2623 2670
2623 2672
2623 2673
2625 2642
2625 2645
2625 2644
2622 2707
2615 2617
2650 2669
2650 2668
2686 2689
2686 2687
2669 2694
2617 2633
2617 2641
2651 2675
2651 2677
2651 2676
2651 2670
2651 2672
2651 2679
2651 2678
2674 2716
2676 2699
2676 2697
2697 2714
2612 2636
2612 2637
2612 2631
2612 2632
2636 2651
2636 2652
2636 2653
2612 2639
2636 2656
2636 2657
2628 2666
2628 2665
2628 2662
2628 2663
2628 2669
2624 2626
2623 2631
2653 2682
2653 2683
2653 2688
2631 2649
2631 2644
2631 2645
2631 2642
2631 2643
2670 2678
2670 2679
2670 2677
2670 2672
2670 2673
2663 2683
2663 2682
2663 2688
2611 2686
2611 2680
2611 2682
2611 2683
2611 2689
2650 2708
2657 2714
2650 2703
2657 2710
2650 2707
2650 2704
2650 2705
2612 2667
2626 2661
2636 2683
2612 2669
2628 2636
2623 2692
2623 2690
2623 2696
2623 2694
2623 2699
2658 2669
2658 2668
2658 2661
2658 2662
2658 2665
2658 2667
2633 2703
2665 2694
2665 2696
2665 2697
2665 2690
2665 2691
2665 2692
2665 2693
2665 2699
2659 2699
2669 2714
2659 2697
2659 2692
2659 2690
2627 2684
2627 2687
2627 2680
2627 2683
2627 2682
2627 2689
2627 2688
2652 2714
2630 2642
2630 2645
2630 2644
2617 2661
2617 2662
2617 2667
2617 2668
2651 2659
2651 2658
2632 2678
2632 2679
2632 2675
2632 2672
2651 2656
2632 2670
2640 2662
2643 2714
2640 2663
2656 2689
2656 2688
2656 2687
2656 2680
2656 2683
2656 2682
2636 2640
2628 2649
2628 2644
2636 2637
2628 2640
2628 2642
2628 2643
2631 2665
2631 2661
2631 2662
2631 2669
2670 2692
2670 2693
2670 2690
2645 2708
2670 2697
2670 2694
2645 2704
2645 2705
2645 2706
2645 2707
2645 2700
2645 2702
2666 2669
2655 2678
2642 2718
2668 2708
2642 2712
2668 2707
2668 2706
2642 2714
2626 2680
2657 2682
2622 2674
2657 2687
2645 2659
2622 2671
2676 2715
2676 2711
2676 2712
2673 2677
2676 2718
2665 2666
2625 2682
2625 2680
2690 2717
2618 2690
2618 2692
2618 2696
2618 2699
2615 2622
2615 2621
2615 2627
2632 2654
2632 2655
2632 2656
2632 2651
2632 2652
2632 2653
2680 2702
2680 2700
2680 2707
2680 2706
2680 2705
2680 2704
2628 2697
2702 2718
2702 2715
2702 2711
2702 2713
2702 2712
2657 2699
2657 2698
2657 2691
2657 2690
2657 2693
2657 2692
2657 2694
2657 2696
2617 2694
2623 2717
2623 2715
2623 2713
2623 2712
2623 2711
2665 2714
2669 2690
2669 2691
2669 2692
2669 2693
2669 2695
2669 2696
2669 2697
2669 2699
2649 2664
2670 2715
2644 2649
2644 2645
2609 2622
2641 2689
2641 2680
2641 2684
2641 2687
2641 2686
2665 2705
2665 2708
2624 2684
2624 2686
2624 2687
2624 2680
2624 2682
2624 2689
2670 2716
2670 2713
2670 2712
2627 2640
2627 2643
2627 2642
2627 2644
2627 2649
2617 2627
2617 2621
2617 2622
2674 2703
2651 2697
2651 2696
2651 2695
2651 2694
2651 2693
2651 2692
2651 2691
2651 2690
2687 2694
2687 2696
2687 2690
2687 2691
2687 2692
2651 2698
2694 2708
2694 2702
2694 2703
2694 2701
2694 2706
2694 2707
2694 2704
2694 2705
2706 2708
2706 2709
2687 2698
2706 2707
2687 2699
2638 2680
2638 2682
2639 2686
2687 2693
2622 2661
2622 2662
2622 2664
2622 2665
2622 2667
2622 2669
2696 2717
2696 2716
2696 2713
2653 2669
2653 2662
2653 2663
2653 2665
2653 2666
2633 2688
2633 2689
2633 2687
2633 2683
2628 2688
2704 2713
2628 2682
2628 2683
2663 2666
2663 2665
2663 2664
2663 2669
2624 2709
2645 2713
2612 2670
2644 2665
2644 2661
2644 2662
2644 2669
2688 2701
2612 2677
2635 2703
2656 2708
2656 2704
2656 2705
2656 2706
2656 2707
2656 2700
2656 2701
2656 2703
2661 2686
2654 2689
2654 2688
2654 2687
2654 2686
2654 2683
2654 2682
2654 2680
2669 2708
2637 2639
2627 2665
2627 2662
2627 2661
2643 2683
2643 2687
2669 2704
2627 2669
2627 2668
2686 2713
2686 2716
2686 2717
2615 2668
2615 2669
2615 2667
2615 2664
2615 2665
2615 2662
2615 2661
2643 2707
2643 2704
2668 2689
2668 2684
2668 2686
2668 2687
2668 2680
2693 2703
2693 2701
2693 2704
2629 2708
2629 2709
2629 2702
2629 2700
2629 2701
2629 2706
2629 2707
2629 2704
2629 2705
2625 2706
2625 2707
2625 2705
2625 2702
2633 2667
2625 2700
2625 2708
2625 2709
2621 2669
2621 2668
2621 2661
2621 2663
2621 2662
2621 2664
2621 2667
2654 2677
2612 2676
2609 2641
2644 2668
2680 2686
2656 2690
2611 2716
2611 2717
2611 2715
2611 2712
2611 2713
2622 2668
2643 2663
2643 2662
2643 2665
2643 2669
2618 2639
2690 2704
2613 2702
2613 2700
2613 2707
2613 2706
2613 2705
2613 2704
2613 2709
2613 2708
2610 2621
2610 2622
2610 2624
2610 2627
2610 2626
2652 2682
2615 2649
2638 2645
2638 2644
2668 2669
2622 2624
2622 2627
2689 2704
2639 2654
2639 2656
2639 2651
2639 2650
2689 2703
2689 2708
2639 2658
2633 2649
2661 2673
2661 2670
2661 2671
2633 2640
2621 2649
2621 2644
2621 2643
2621 2642
2621 2640
2670 2700
2609 2668
2609 2667
2632 2714
2627 2650
2627 2651
2627 2654
2699 2717
2699 2715
2699 2712
2699 2713
2699 2711
2699 2718
2704 2715
2704 2712
2665 2701
2628 2687
2618 2619
2627 2629
2627 2628
2637 2675
2637 2677
2643 2644
2637 2670
2637 2672
2637 2679
2637 2678
2643 2649
2617 2689
2617 2686
2617 2687
2617 2684
2640 2704
2640 2701
2659 2677
2659 2676
2659 2670
2659 2673
2659 2672
2671 2712
2679 2710
2679 2714
2650 2680
2650 2687
2650 2686
2650 2684
2700 2708
2700 2709
2700 2704
2700 2705
2700 2706
2683 2710
2639 2679
2639 2678
2639 2673
2639 2672
2639 2671
2639 2670
2639 2677
2639 2674
2635 2688
2711 2712
2711 2715
2711 2718
2695 2714
2621 2624
2621 2627
2621 2623
2621 2622
2707 2712
2707 2713
2707 2715
2672 2683
2672 2682
2672 2680
2672 2687
2672 2688
2631 2718
2631 2711
2631 2713
2625 2669
2666 2688
2666 2682
2666 2683
2678 2679
2630 2707
2659 2708
2619 2704
2619 2703
2637 2701
2645 2680
2637 2653
2618 2677
2637 2651
2637 2657
2637 2656
2618 2670
2637 2654
2624 2715
2624 2712
2610 2667
2610 2661
2671 2699
2610 2668
2630 2680
2630 2682
2674 2698
2631 2639
2650 2661
2651 2708
2650 2662
2650 2665
2650 2667
2651 2701
2651 2703
2651 2704
2651 2707
2651 2706
2626 2702
2626 2700
2626 2707
2626 2706
2626 2705
2626 2704
2626 2709
2626 2708
2611 2679
2611 2678
2611 2671
2611 2670
2611 2673
2611 2672
2611 2677
2611 2676
2639 2691
2639 2690
2639 2693
2639 2692
2639 2694
2639 2696
2639 2699
2668 2694
2665 2669
2665 2668
2645 2658
2665 2667
2628 2714
2677 2684
2677 2686
2677 2687
2677 2680
2677 2689
2669 2678
2669 2679
2669 2676
2669 2677
2669 2675
2669 2672
2669 2670
2609 2703
2649 2669
2649 2663
2649 2662
2649 2666
2609 2623
2609 2624
2679 2695
2679 2694
2679 2697
2679 2691
2679 2693
2679 2698
2632 2637
2632 2639
2639 2703
2703 2708
2703 2704
2658 2682
2658 2680
2658 2687
2658 2686
2618 2650
2618 2658
2696 2704
2610 2641
2610 2645
2610 2644
2696 2706
2631 2699
2631 2690
2631 2692
2631 2694
2631 2697
2631 2696
2642 2675
2642 2676
2642 2670
2642 2672
2642 2679
2642 2678
2657 2659
2657 2658
2622 2689
2622 2686
2622 2687
2622 2684
2622 2683
2611 2659
2611 2658
2611 2657
2611 2656
2611 2654
2611 2651
2611 2650
2661 2699
2661 2690
2661 2692
2661 2694
2661 2696
2667 2670
2667 2671
2645 2670
2645 2673
2645 2676
2640 2687
2640 2683
2640 2688
2627 2667
2643 2688
2631 2683
2615 2693
2667 2677
2667 2673
2649 2683
2649 2682
2649 2687
2649 2688
2643 2682
2633 2662
2704 2709
2704 2706
2633 2664
2642 2665
2654 2669
2654 2668
2654 2665
2654 2667
2654 2661
2654 2663
2654 2662
2644 2718
2644 2715
2644 2711
2644 2712
2644 2713
2671 2689
2671 2686
2671 2687
2671 2684
2671 2680
2637 2697
2637 2694
2637 2693
2637 2691
2637 2698
2673 2700
2673 2702
2673 2705
2673 2704
2673 2707
2673 2706
2673 2709
2673 2708
2672 2702
2672 2700
2672 2701
2672 2706
2672 2707
2672 2704
2672 2705
2712 2713
2712 2715
2712 2718
2612 2687
2612 2686
2612 2680
2612 2683
2612 2682
2612 2689
2612 2688
2664 2687
2611 2641
2613 2619
2613 2618
2642 2659
2642 2658
2642 2653
2642 2652
2642 2651
2642 2657
2642 2656
2642 2654
2678 2714
2678 2710
2657 2672
2657 2670
2657 2677
2657 2676
2657 2675
2657 2679
2657 2678
2611 2637
2611 2631
2611 2632
2635 2664
2619 2689
2619 2684
2619 2686
2619 2687
2619 2680
2689 2696
2689 2692
2689 2690
2689 2691
2689 2699
2680 2708
2713 2717
2713 2716
2713 2715
2624 2671
2624 2670
2624 2673
2624 2672
2624 2677
2624 2676
2625 2670
2662 2703
2662 2701
2662 2707
2662 2706
2662 2704
2662 2708
2667 2692
2630 2708
2630 2709
2667 2694
2630 2706
2667 2699
2630 2700
2630 2702
2655 2716
2659 2715
2655 2710
2637 2710
2632 2687
2632 2683
2632 2682
2656 2658
2656 2659
2656 2657
2629 2682
2629 2680
2641 2661
2641 2667
2641 2668
2661 2715
2661 2717
2661 2716
2661 2713
2661 2712
2610 2687
2610 2686
2610 2684
2610 2680
2610 2689
2617 2716
2617 2717
2674 2678
2613 2639
2613 2638
2613 2631
2613 2630
2611 2618
2611 2613
2611 2612
2611 2617
2611 2615
2611 2705
2619 2661
2688 2710
2619 2668
2611 2703
2683 2688
2683 2687
2658 2702
2658 2700
2658 2701
2658 2706
2658 2707
2658 2704
2658 2705
2658 2708
2658 2709
2708 2709
2651 2699
2644 2699
2644 2690
2644 2692
2644 2694
2644 2696
2682 2714
2662 2668
2662 2669
2624 2659
2624 2658
2662 2664
2624 2656
2662 2666
2624 2654
2624 2652
2624 2651
2624 2650
2640 2643
2640 2649
2698 2703
2609 2689
2609 2684
2609 2687
2609 2686
2609 2680
2666 2714
2672 2708
2705 2709
2705 2708
2656 2670
2656 2672
2656 2675
2656 2676
2656 2677
2656 2678
2656 2679
2629 2662
2629 2665
2629 2669
2618 2680
2667 2717
2667 2716
2667 2713
2612 2640
2612 2643
2612 2642
2612 2644
2612 2649
2615 2710
2613 2654
2613 2656
2663 2701
2613 2659
2613 2658
2642 2697
2642 2695
2642 2694
2642 2692
2642 2699
2649 2701
2649 2703
2649 2704
2649 2707
2655 2698
2655 2693
2655 2691
2655 2696
2655 2694
2687 2708
2687 2703
2687 2701
2687 2706
2687 2707
2687 2704
2619 2641
2630 2718
2667 2689
2673 2680
2673 2684
2673 2686
2649 2693
2664 2683
2627 2704
2627 2705
2627 2706
2627 2707
2627 2701
2627 2702
2627 2703
2618 2717
2618 2716
2627 2708
2618 2713
2621 2683
2621 2680
2621 2687
2621 2686
2621 2684
2621 2689
2621 2688
2627 2679
2662 2682
2640 2669
2624 2631
2624 2630
2623 2629
2623 2627
2623 2625
2623 2624
2640 2664
2624 2638
2640 2666
2625 2638
2627 2671
2625 2630
2625 2631
2627 2672
2627 2673
2678 2693
2692 2708
2692 2709
2692 2704
2692 2705
2692 2706
2692 2707
2692 2701
2692 2702
2692 2703
2618 2622
2677 2716
2677 2717
2677 2715
2677 2712
2677 2713
2621 2665
2643 2691
2684 2707
2684 2704
2684 2703
2684 2708
2629 2645
2629 2644
2629 2642
2675 2701
2682 2697
2682 2695
2682 2694
2697 2701
2612 2665
2636 2688
2612 2663
2612 2662
2612 2661
2628 2631
2636 2682
2628 2632
2628 2637
2612 2668
2652 2663
2652 2662
2652 2666
2652 2665
2652 2669
2643 2710
2613 2673
2613 2671
2613 2670
2613 2677
2611 2639
2655 2674
2655 2677
2655 2679
2619 2627
2619 2624
2619 2622
2619 2623
2619 2621
2623 2671
2651 2653
2622 2710
2622 2716
2626 2638
2630 2638
2626 2631
2626 2630
2623 2645
2623 2644
2623 2641
2653 2714
2610 2706
2610 2707
2610 2704
2610 2705
2610 2702
2610 2703
2610 2708
2610 2709
2612 2621
2615 2698
2615 2696
2615 2694
2615 2692
2615 2691
2615 2690
2636 2642
2691 2710
2636 2649
2690 2708
2690 2709
2690 2706
2690 2707
2690 2705
2690 2702
2690 2703
2689 2694
2671 2713
2671 2715
2671 2716
2671 2717
2631 2656
2659 2701
2659 2700
2659 2702
2659 2705
2659 2704
2659 2707
2659 2706
2659 2709
2636 2663
2636 2662
2636 2665
2636 2666
2636 2669
2637 2703
2637 2704
2631 2632
2631 2638
2613 2690
2613 2692
2613 2694
2613 2696
2613 2699
2655 2657
2609 2708
2641 2708
2641 2702
2641 2705
2641 2707
2678 2689
2678 2688
2678 2683
2678 2687
2626 2659
2626 2658
2623 2668
2623 2661
2623 2667
2623 2665
2625 2676
2625 2672
2625 2673
2645 2699
2645 2692
2645 2690
2701 2714
2686 2696
2686 2694
2686 2692
2686 2690
2686 2699
2617 2650
2617 2655
2617 2654
2638 2705
2638 2706
2638 2707
2638 2700
2638 2702
2638 2708
2638 2709
2639 2716
2639 2717
2639 2713
2675 2682
2675 2683
2675 2688
2692 2699
2676 2682
2676 2680
2621 2703
2621 2701
2621 2706
2621 2707
2621 2704
2621 2705
2621 2708
2697 2707
2697 2706
2697 2704
2697 2700
2658 2699
2612 2623
2672 2678
2672 2679
2612 2627
2612 2625
2612 2624
2612 2629
2612 2628
2672 2676
2672 2677
2672 2675
2628 2675
2628 2676
2636 2643
2628 2670
2628 2672
2628 2679
2628 2678
2653 2695
2653 2697
2653 2693
2631 2659
2631 2658
2631 2654
2631 2657
2631 2651
2631 2650
2631 2652
2677 2678
2684 2686
2684 2687
2684 2689
2691 2698
2652 2707
2691 2693
2667 2690
2691 2694
2611 2693
2611 2692
2611 2690
2611 2697
2611 2696
2611 2694
2667 2696
2611 2699
2630 2705
2654 2708
2654 2706
2654 2707
2654 2704
2654 2705
2654 2703
2654 2700
2654 2701
2657 2708
2657 2703
2650 2713
2657 2707
2657 2706
2650 2717
2657 2704
2626 2673
2626 2671
2626 2670
2626 2677
2626 2676
2623 2680
2623 2684
2623 2687
2623 2686
2623 2689
2625 2658
2625 2659
2625 2654
2625 2656
2625 2652
2665 2683
2665 2682
2665 2680
2665 2687
2665 2689
2665 2688
2621 2679
2643 2666
2676 2694
2617 2677
2617 2674
2617 2671
2617 2670
2632 2669
2632 2665
2632 2664
2632 2666
2632 2663
2632 2662
2651 2666
2651 2664
2651 2665
2651 2662
2651 2663
2651 2661
2657 2701
2651 2668
2651 2669
2657 2705
2650 2716
2658 2715
2696 2703
2628 2659
2628 2653
2628 2652
2628 2651
2628 2657
2628 2656
2628 2654
2657 2661
2631 2673
2631 2672
2631 2670
2631 2677
2631 2676
2631 2678
2610 2623
2670 2680
2670 2683
2670 2682
2670 2684
2670 2687
2670 2686
2645 2712
2645 2711
2645 2715
2663 2697
2663 2695
2663 2693
2666 2679
2663 2691
2666 2675
2666 2672
2663 2698
2632 2688
2642 2709
2642 2708
2642 2701
2642 2700
2642 2702
2642 2705
2642 2704
2642 2707
2642 2706
2626 2692
2626 2699
2658 2672
2658 2673
2658 2670
2658 2671
2658 2676
2658 2677
2633 2716
2633 2710
2659 2680
2659 2682
2659 2687
2627 2696
2627 2697
2627 2694
2627 2692
2627 2693
2627 2690
2627 2691
2618 2687
2652 2701
2618 2684
2652 2704
2652 2705
2652 2706
2627 2699
2615 2633
2615 2632
2615 2635
2615 2637
2615 2639
2617 2619
2632 2643
2632 2642
2632 2640
2632 2644
2632 2649
2708 2715
2656 2699
2656 2697
2656 2694
2656 2692
2656 2693
2656 2691
2688 2691
2695 2697
2622 2651
2622 2650
2622 2655
2622 2654
2622 2657
2622 2656
2653 2657
2653 2656
2669 2689
2669 2688
2669 2687
2669 2683
2669 2682
2708 2713
2670 2676
2670 2671
2638 2642
2668 2716
2668 2717
2668 2713
2644 2659
2644 2658
2644 2654
2644 2657
2644 2656
2644 2651
2644 2650
2644 2652
2676 2706
2676 2707
2676 2704
2676 2705
2676 2702
2676 2700
2676 2701
2676 2709
2625 2699
2658 2659
2625 2694
2625 2697
2624 2692
2624 2690
2624 2697
2624 2696
2624 2694
2624 2699
2630 2672
2630 2673
2630 2676
2615 2619
2617 2639
2617 2637
2674 2710
2612 2622
2687 2689
2687 2688
2680 2718
2680 2715
2680 2717
2680 2711
2680 2712
2680 2713
2639 2655
2689 2707
2694 2713
2694 2712
2694 2715
2694 2716
2639 2659
2662 2679
2662 2678
2690 2692
2690 2694
2690 2696
2690 2699
2624 2661
2662 2676
2662 2674
2702 2708
2702 2709
2702 2706
2702 2707
2702 2704
2702 2705
2706 2718
2706 2711
2706 2713
2706 2712
2706 2715
2657 2688
2657 2689
2622 2678
2622 2677
2657 2683
2622 2670
2628 2695
2628 2694
2628 2693
2623 2700
2623 2702
2623 2704
2623 2705
2623 2706
2623 2707
2623 2708
2623 2709
2653 2675
2653 2672
2653 2679
2653 2678
2633 2698
2633 2693
2633 2691
2633 2696
2633 2694
2665 2703
2665 2706
2665 2707
2665 2704
2611 2687
2661 2677
2661 2672
2644 2673
2644 2672
2644 2670
2644 2677
2644 2676
2644 2675
2644 2679
2644 2678
2667 2674
2656 2714
2641 2699
2641 2692
2641 2690
2641 2696
2671 2677
2671 2673
2625 2704
2670 2701
2670 2702
2670 2703
2670 2704
2670 2705
2670 2706
2670 2707
2670 2708
2670 2709
2627 2652
2627 2656
2627 2657
2627 2655
2627 2658
2627 2659
2625 2701
2674 2677
2686 2708
2686 2703
2686 2704
2686 2707
2650 2706
2615 2679
2615 2678
2615 2674
2615 2677
2615 2670
2651 2688
2651 2689
2651 2682
2651 2683
2651 2687
2617 2691
2668 2699
2668 2692
2668 2690
2668 2696
2638 2699
2696 2708
2629 2711
2629 2712
2629 2715
2696 2705
2696 2707
2611 2619
2625 2715
2625 2711
2633 2674
2625 2712
2633 2679
2633 2678
2625 2718
2704 2708
2704 2705
2704 2707
2632 2691
2652 2697
2632 2695
2632 2697
2632 2698
2680 2699
2680 2690
2680 2692
2680 2694
2680 2696
2663 2678
2663 2679
2663 2672
2663 2675
2619 2667
2688 2714
2611 2704
2611 2707
2611 2706
2611 2701
2611 2700
2611 2702
2635 2710
2611 2709
2611 2708
2716 2717
2632 2710
2609 2661
2654 2690
2654 2691
2654 2692
2654 2693
2654 2694
2654 2696
2654 2697
2654 2699
2627 2678
2627 2670
2627 2676
2627 2677
2618 2623
2643 2698
2618 2624
2643 2694
2643 2695
2643 2697
2643 2693
2615 2651
2615 2650
2615 2657
2615 2656
2615 2655
2615 2654
2630 2631
2668 2671
2668 2670
2668 2673
2668 2674
2668 2677
2622 2639
2622 2633
2622 2637
2622 2635
2689 2713
2689 2717
2689 2716
2693 2714
2693 2710
2661 2665
2661 2667
2659 2694
2661 2662
2661 2669
2661 2668
2633 2657
2633 2655
2633 2651
2633 2650
2621 2678
2627 2686
2621 2672
2621 2670
2621 2671
2621 2677
2621 2674
2645 2718
2670 2689
2661 2705
2609 2658
2609 2650
2644 2697
2688 2693
2688 2695
2688 2694
2688 2698
2699 2705
2699 2704
2699 2707
2699 2706
2699 2701
2699 2700
2699 2702
2699 2709
2699 2708
2700 2712
2700 2715
2612 2704
2612 2705
2612 2706
2612 2707
2612 2700
2612 2701
2612 2703
2612 2708
2643 2672
2643 2670
2643 2675
2643 2678
2643 2679
2613 2715
2613 2717
2613 2711
2613 2712
2651 2652
2651 2657
2617 2696
2617 2690
2617 2692
2651 2655
2651 2654
2610 2639
2610 2631
2666 2678
2652 2694
2652 2695
2624 2657
2679 2704
2679 2701
2662 2667
2638 2652
2638 2658
2638 2659
2700 2718
2700 2711
2639 2644
2635 2691
2635 2693
2639 2641
2635 2698
2639 2649
2695 2701
2633 2639
2633 2635
2633 2637
2621 2650
2707 2708
2621 2654
2621 2655
2621 2656
2621 2657
2621 2658
2621 2659
2609 2670
2609 2671
2609 2673
2609 2677
2632 2704
2632 2703
2632 2701
2631 2709
2631 2708
2631 2702
2631 2701
2631 2700
2631 2707
2636 2714
2631 2705
2631 2704
2666 2695
2666 2697
2666 2693
2693 2698
2693 2694
2693 2697
2707 2709
2637 2674
2627 2637
2627 2631
2627 2632
2643 2651
2643 2652
2643 2653
2643 2654
2627 2639
2643 2656
2643 2657
2637 2666
2637 2664
2637 2665
2637 2662
2637 2663
2637 2669
2613 2623
2663 2714
2624 2705
2624 2704
2624 2706
2624 2701
2624 2700
2640 2710
2640 2714
2624 2708
2610 2611
2610 2612
2610 2613
2659 2669
2610 2618
2659 2665
2659 2662
2659 2661
2626 2690
2674 2684
2674 2687
2674 2686
2674 2689
2709 2715
2709 2711
2709 2712
2709 2713
2709 2718
2649 2665
2638 2672
2638 2673
2638 2676
2650 2699
2650 2694
2650 2696
2650 2690
2650 2692
2683 2707
2683 2704
2683 2703
2683 2701
2639 2668
2639 2669
2639 2665
2639 2667
2639 2661
2639 2662
2621 2637
2621 2632
2621 2633
2621 2631
2621 2639
2672 2694
2672 2695
2672 2697
2672 2690
2672 2692
2672 2693
2672 2699
2705 2707
2705 2706
2628 2701
2628 2704
2628 2707
2628 2706
2677 2692
2677 2690
2677 2696
2677 2694
2677 2699
2609 2617
2609 2611
2609 2618
2609 2619
2649 2656
2649 2657
2649 2654
2649 2655
2649 2652
2649 2653
2649 2651
2619 2716
2619 2717
2619 2713
2632 2707
2618 2641
2637 2649
2637 2640
2637 2643
2631 2706
2610 2677
2610 2673
2610 2670
2610 2671
2630 2699
2650 2673
2650 2670
2650 2671
2650 2677
2650 2674
2651 2710
2651 2714
2626 2715
2626 2711
2626 2712
2626 2713
2626 2718
2622 2698
2622 2694
2622 2696
2622 2691
2622 2690
2622 2693
2622 2692
2611 2668
2611 2669
2611 2662
2611 2661
2611 2667
2611 2665
2639 2683
2639 2680
2635 2655
2639 2687
2639 2684
2639 2689
2631 2668
2661 2687
2661 2684
2661 2680
2661 2689
2673 2690
2618 2689
2652 2700
2618 2686
2696 2699
2670 2696
2645 2709
2665 2678
2665 2679
2665 2672
2665 2670
2665 2676
2665 2677
2645 2661
2665 2675
2670 2699
2650 2689
2640 2695
2640 2694
2640 2697
2640 2691
2640 2693
2640 2698
2630 2658
2630 2659
2667 2668
2649 2678
2649 2679
2649 2675
2649 2670
2649 2672
2609 2639
2679 2687
2679 2683
2679 2688
2683 2714
2700 2707
2700 2701
2700 2702
2617 2618
2644 2709
2644 2708
2644 2702
2644 2701
2644 2700
2644 2707
2644 2706
2644 2705
2644 2704
2703 2716
2703 2710
2658 2694
2658 2696
2658 2690
2658 2692
2671 2694
2671 2696
2671 2690
2671 2692
2610 2658
2610 2659
2610 2654
2610 2656
2610 2650
2629 2718
2672 2712
2672 2714
2624 2641
2624 2642
2662 2692
2624 2645
2664 2698
2664 2693
2664 2691
2662 2698
2631 2682
2631 2680
2631 2687
2650 2658
2650 2659
2650 2651
2650 2654
2650 2655
2650 2656
2650 2657
2642 2666
2642 2662
2642 2663
2642 2669
2632 2693
2632 2694
2611 2642
2611 2643
2611 2644
2611 2645
2611 2649
2635 2674
2635 2678
2619 2699
2619 2692
2619 2690
2619 2696
2619 2694
2611 2684
2694 2699
2694 2696
2694 2697
2667 2684
2667 2687
2667 2686
2630 2712
2630 2711
2630 2715
2649 2691
2649 2697
2649 2694
2649 2695
2649 2698
2655 2703
2668 2705
2668 2704
2615 2716
2668 2703
2656 2696
2618 2668
2641 2658
2641 2650
2618 2667
2654 2678
2654 2679
2654 2676
2618 2661
2654 2675
2654 2672
2654 2673
2654 2670
2609 2692
2621 2628
2673 2712
2673 2713
2673 2711
2673 2717
2673 2715
2613 2650
2637 2688
2637 2689
2637 2683
2637 2687
2692 2696
2692 2694
2612 2696
2612 2697
2612 2694
2612 2692
2612 2693
2612 2690
2612 2691
2612 2699
2617 2708
2617 2704
2617 2703
2642 2649
2642 2644
2642 2645
2642 2643
2678 2701
2678 2703
2678 2704
2678 2707
2624 2707
2657 2664
2657 2665
2657 2666
2657 2662
2657 2663
2624 2702
2657 2668
2657 2669
2611 2626
2611 2627
2611 2624
2611 2625
2611 2622
2611 2623
2611 2621
2611 2628
2611 2629
2619 2671
2619 2670
2619 2673
2619 2674
2619 2677
2658 2711
2708 2712
2658 2713
2658 2712
2708 2717
2708 2716
2658 2717
2658 2718
2610 2617
2610 2619
2682 2705
2682 2704
2682 2707
2682 2706
2682 2701
2682 2700
2624 2668
2624 2669
2624 2662
2662 2672
2662 2670
2662 2677
2624 2667
2662 2675
2624 2665
2640 2651
2640 2653
2640 2654
2640 2657
2640 2656
2662 2714
2662 2710
2698 2710
2666 2701
2656 2669
2656 2668
2656 2667
2656 2666
2656 2665
2656 2663
2656 2662
2656 2661
2629 2699
2629 2694
2629 2697
2641 2677
2641 2670
2641 2671
2641 2673
2654 2656
2654 2657
2654 2658
2654 2659
2631 2715
2661 2706
2661 2707
2661 2704
2636 2701
2661 2702
2661 2703
2661 2708
2661 2709
2631 2712
2610 2699
2610 2690
2610 2692
2610 2694
2610 2696
2621 2651
2615 2703
2662 2683
2615 2704
2615 2708
2613 2621
2663 2710
2613 2624
2613 2625
2613 2626
2613 2627
2613 2629
2649 2714
2649 2710
2687 2710
2687 2713
2687 2716
2635 2637
2619 2655
2619 2654
2619 2650
2619 2658
2683 2691
2683 2693
2683 2694
2683 2695
2683 2697
2683 2698
2664 2703
2673 2699
2673 2696
2673 2694
2673 2692
2644 2682
2644 2683
2644 2680
2644 2687
2715 2718
2627 2713
2627 2712
2627 2716
2627 2715
2662 2691
2662 2690
2662 2693
2624 2644
2662 2694
2662 2697
2662 2696
2662 2699
2624 2649
2640 2675
2640 2672
2640 2679
2640 2678
2625 2629
2625 2628
2625 2627
2625 2626
2692 2713
2692 2712
2692 2717
2692 2716
2692 2715
2677 2705
2677 2704
2677 2707
2677 2706
2677 2701
2677 2703
2677 2702
2677 2708
2619 2708
2609 2699
2609 2696
2609 2690
2619 2707
2705 2718
2705 2711
2705 2712
2705 2713
2705 2715
2629 2672
2629 2670
2629 2676
2680 2709
2632 2657
