2628 2795
2667 2708
2669 2768
2710 2745
2710 2744
2710 2747
2669 2763
2669 2764
2609 2732
2617 2741
2617 2745
2678 2744
2695 2720
2726 2784
2726 2785
2747 2787
2747 2786
2747 2781
2747 2780
2747 2782
2773 2782
2713 2745
2713 2747
2713 2741
2713 2743
2654 2752
2654 2755
2654 2754
2654 2757
2654 2759
2632 2783
2775 2791
2624 2713
2775 2796
2775 2794
2785 2791
2785 2794
2765 2785
2765 2784
2765 2783
2765 2788
2710 2741
2669 2765
2710 2742
2677 2720
2677 2726
2677 2725
2691 2708
2757 2788
2757 2780
2757 2782
2729 2750
2729 2754
2729 2755
2675 2678
2675 2677
2675 2717
2675 2710
2675 2712
2793 2794
2671 2708
2613 2771
2712 2782
2712 2780
2712 2788
2667 2764
2667 2765
2667 2763
2665 2791
2667 2768
2665 2796
2710 2762
2710 2761
2710 2767
2710 2766
2710 2769
2720 2794
2720 2790
2613 2669
2613 2665
2613 2667
2609 2713
2615 2744
2609 2716
2609 2714
2745 2750
2671 2784
2772 2796
2671 2781
2745 2754
2762 2773
2745 2755
2732 2747
2726 2783
2770 2787
2770 2786
2770 2782
2770 2781
2770 2780
2654 2773
2654 2770
2654 2779
2691 2775
2732 2788
2732 2785
2732 2784
2732 2781
2732 2783
2741 2785
2741 2784
2741 2783
2741 2781
2729 2741
2757 2795
2752 2793
2615 2682
2691 2720
2691 2729
2691 2728
2729 2778
2729 2779
2729 2770
2729 2771
2729 2772
2729 2774
2729 2775
2632 2725
2632 2720
2774 2794
2632 2728
2733 2784
2795 2798
2671 2766
2671 2761
2671 2763
2671 2762
2671 2769
2671 2768
2669 2725
2669 2726
2669 2720
2669 2728
2669 2729
2617 2785
2617 2783
2617 2788
2778 2791
2667 2745
2667 2741
2679 2772
2679 2770
2725 2781
2725 2783
2725 2785
2725 2784
2615 2762
2615 2761
2615 2760
2615 2767
2615 2766
2654 2714
2654 2717
2654 2716
2654 2710
2654 2713
2654 2712
2797 2798
2708 2710
2713 2780
2713 2781
2713 2782
2713 2786
2713 2787
2717 2798
2717 2792
2717 2797
2717 2795
2716 2783
2716 2780
2716 2785
2716 2784
2650 2669
2782 2798
2782 2795
2782 2797
2782 2790
2782 2792
2617 2640
2661 2782
2661 2780
2671 2741
2671 2745
2760 2765
2760 2767
2760 2762
2628 2661
2631 2640
2777 2794
2777 2796
2777 2791
2777 2793
2735 2766
2735 2765
2733 2751
2733 2756
2735 2760
2654 2732
2654 2735
2750 2764
2750 2763
2764 2769
2717 2773
2716 2763
2716 2762
2716 2765
2716 2764
2716 2766
2716 2769
2716 2768
2785 2796
2665 2691
2763 2787
2763 2786
2763 2785
2763 2783
2763 2781
2752 2753
2710 2755
2627 2682
2613 2783
2683 2782
2613 2781
2613 2785
2613 2784
2683 2780
2617 2665
2617 2667
2617 2669
2677 2780
2677 2783
2765 2768
2632 2679
2632 2671
2609 2729
2784 2796
2784 2793
2617 2756
2772 2778
2772 2774
2772 2775
2772 2777
2650 2745
2760 2788
2650 2741
2693 2769
2693 2764
2628 2640
2631 2661
2667 2783
2667 2784
2667 2785
2743 2781
2743 2787
2743 2786
2627 2784
2732 2756
2732 2755
2714 2755
2632 2794
2632 2796
2632 2791
2733 2778
2733 2777
2733 2775
2733 2774
2733 2772
2733 2771
2771 2796
2771 2794
2771 2791
2624 2787
2650 2720
2650 2725
2650 2726
2650 2728
2672 2736
2779 2795
2624 2729
2717 2757
2717 2753
2717 2752
2716 2747
2716 2745
2716 2741
2717 2736
2729 2759
2613 2763
2613 2765
2613 2764
2613 2768
2615 2627
2615 2628
2754 2759
2754 2755
2640 2788
2640 2782
2640 2780
2632 2650
2755 2770
2755 2779
2755 2778
2709 2788
2683 2795
2683 2790
2683 2792
2683 2798
2679 2790
2679 2791
2679 2796
2671 2785
2772 2791
2671 2783
2772 2794
2693 2747
2693 2745
2693 2743
2759 2775
2769 2798
2769 2792
2769 2790
2624 2764
2769 2795
2665 2716
2669 2691
2609 2792
2774 2778
2609 2790
2609 2798
2774 2777
2774 2775
2714 2770
2735 2767
2714 2773
2735 2762
2735 2761
2714 2779
2735 2768
2611 2759
2611 2756
2611 2754
2714 2792
2717 2735
2717 2731
2665 2708
2716 2729
2716 2728
2716 2725
2716 2726
2716 2720
2624 2683
2627 2640
2613 2745
2613 2741
2768 2783
2617 2627
2768 2785
2754 2770
2754 2778
2754 2779
2768 2784
2709 2760
2709 2762
2709 2765
2709 2767
2709 2766
2736 2744
2736 2741
2693 2729
2742 2757
2742 2752
2665 2736
2665 2735
2665 2732
2665 2730
2628 2682
2777 2778
2761 2779
2761 2770
2761 2773
2735 2744
2735 2745
2735 2741
2714 2716
2632 2754
2632 2756
2632 2759
2631 2779
2631 2773
2631 2770
2733 2735
2716 2781
2665 2793
2650 2768
2753 2784
2665 2794
2611 2771
2611 2774
2611 2775
2611 2778
2788 2793
2631 2762
2708 2754
2615 2712
2708 2750
2654 2683
2654 2682
2708 2759
2669 2708
2627 2665
2613 2729
2613 2728
2613 2725
2613 2726
2613 2720
2756 2765
2756 2764
2756 2763
2756 2768
2728 2794
2728 2796
2728 2791
2709 2744
2683 2755
2683 2759
2752 2788
2650 2778
2650 2771
2753 2794
2736 2762
2736 2760
2736 2767
2736 2766
2736 2765
2693 2708
2611 2768
2742 2773
2742 2770
2766 2782
2742 2779
2766 2788
2665 2759
2665 2756
2665 2753
2725 2726
2654 2677
2725 2729
2725 2728
2745 2783
2745 2781
2745 2787
2745 2786
2745 2785
2745 2784
2627 2774
2761 2792
2761 2790
2761 2795
2761 2798
2627 2778
2751 2753
2751 2752
2714 2735
2632 2777
2632 2775
2632 2772
2632 2771
2631 2752
2609 2710
2631 2757
2615 2742
2759 2790
2759 2792
2759 2798
2753 2762
2650 2783
2753 2760
2753 2766
2753 2767
2650 2784
2753 2765
2611 2716
2767 2773
2767 2770
2672 2788
2672 2782
2672 2783
2672 2780
2613 2708
2729 2769
2624 2759
2624 2750
2624 2754
2624 2755
2640 2720
2615 2640
2683 2773
2683 2770
2683 2779
2679 2732
2679 2735
2678 2793
2779 2782
2665 2772
2665 2771
2665 2777
2665 2775
2665 2774
2665 2778
2745 2765
2745 2764
2745 2769
2745 2768
2751 2777
2751 2775
2751 2774
2725 2745
2725 2741
2632 2716
2632 2713
2627 2650
2735 2788
2735 2780
2735 2783
2735 2784
2735 2785
2611 2730
2611 2732
2611 2733
2731 2793
2730 2783
2730 2785
2730 2784
2750 2787
2750 2786
2750 2781
2665 2733
2763 2768
2763 2764
2627 2628
2744 2788
2617 2682
2744 2782
2624 2770
2730 2756
2624 2778
2624 2779
2640 2707
2640 2709
2710 2798
2710 2792
2710 2790
2710 2797
2710 2795
2728 2751
2728 2756
2679 2713
2679 2714
2679 2716
2726 2730
2726 2733
2726 2732
2726 2735
2726 2736
2650 2682
2683 2716
2683 2710
2683 2713
2747 2759
2747 2750
2747 2754
2747 2755
2695 2712
2695 2710
2695 2716
2695 2717
2695 2714
2786 2790
2708 2784
2708 2785
2708 2786
2708 2787
2708 2781
2708 2783
2707 2712
2707 2717
2672 2683
2672 2682
2753 2783
2745 2747
2714 2717
2682 2794
2682 2793
2725 2763
2725 2765
2725 2764
2725 2768
2632 2733
2632 2732
2632 2730
2632 2735
2631 2714
2733 2794
2733 2796
2733 2791
2733 2793
2771 2778
2771 2775
2771 2777
2730 2765
2730 2768
2780 2798
2780 2792
2780 2790
2780 2797
2780 2795
2661 2693
2708 2745
2669 2730
2744 2762
2744 2760
2744 2761
2744 2766
2744 2767
2624 2716
2624 2714
2624 2710
2640 2767
2640 2766
2640 2761
2640 2760
2640 2762
2756 2785
2756 2784
2756 2783
2756 2781
2764 2786
2764 2787
2764 2785
2764 2783
2764 2781
2728 2777
2728 2775
2728 2774
2728 2772
2728 2771
2728 2778
2720 2781
2679 2778
2679 2779
2679 2777
2679 2774
2679 2775
2778 2794
2778 2796
2679 2771
2615 2797
2615 2795
2720 2741
2720 2747
2720 2745
2650 2665
2650 2667
2753 2788
2650 2765
2747 2770
2747 2773
2747 2778
2747 2779
2611 2679
2611 2671
2611 2772
2708 2763
2708 2764
2708 2768
2708 2769
2707 2731
2707 2732
2707 2735
2707 2736
2732 2759
2627 2788
2732 2752
2732 2753
2732 2751
2732 2754
2627 2783
2627 2762
2627 2760
2732 2774
2732 2775
2665 2669
2779 2792
2779 2790
2732 2777
2665 2667
2779 2798
2628 2712
2628 2710
2628 2717
2628 2714
2677 2682
2743 2745
2743 2747
2669 2679
2669 2671
2759 2770
2759 2779
2759 2778
2794 2796
2714 2798
2714 2797
2714 2795
2714 2790
2609 2624
2731 2757
2731 2753
2731 2752
2731 2751
2679 2691
2679 2693
2730 2745
2730 2741
2691 2725
2736 2752
2736 2751
2675 2788
2675 2783
2632 2785
2661 2759
2661 2750
2661 2755
2661 2754
2661 2757
2624 2732
2640 2742
2640 2744
2669 2794
2669 2796
2669 2791
2712 2731
2712 2735
2742 2744
2679 2754
2679 2755
2679 2756
2679 2750
2679 2759
2726 2775
2726 2774
2726 2777
2726 2771
2726 2772
2726 2778
2631 2695
2720 2761
2720 2762
2720 2763
2720 2764
2720 2765
2720 2766
2720 2767
2720 2768
2720 2769
2762 2780
2762 2788
2678 2731
2678 2736
2611 2650
2695 2754
2695 2755
2695 2750
2695 2759
2708 2741
2708 2743
2661 2695
2708 2747
2667 2671
2693 2782
2693 2781
2693 2787
2693 2786
2707 2757
2707 2752
2707 2753
2707 2751
2713 2732
2713 2735
2732 2770
2732 2771
2732 2772
2627 2766
2627 2767
2627 2765
2732 2778
2732 2779
2627 2768
2682 2752
2682 2753
2682 2751
2682 2757
2682 2759
2628 2731
2628 2735
2628 2736
2743 2763
2743 2764
2743 2769
2640 2682
2735 2778
2617 2726
2713 2790
2665 2728
2757 2773
2731 2735
2731 2736
2731 2732
2654 2767
2665 2725
2691 2796
2691 2794
2691 2790
2691 2791
2611 2796
2611 2794
2786 2787
2611 2791
2654 2661
2675 2760
2675 2762
2675 2767
2671 2682
2671 2683
2661 2779
2661 2773
2661 2770
2671 2765
2712 2714
2671 2764
2728 2733
2728 2732
2728 2730
2728 2735
2726 2753
2726 2751
2726 2756
2617 2732
2617 2733
2617 2730
2617 2731
2617 2736
2617 2735
2613 2617
2611 2632
2790 2792
2790 2795
2708 2728
2708 2729
2708 2726
2708 2725
2708 2720
2781 2787
2781 2786
2781 2785
2695 2779
2695 2770
2695 2773
2713 2716
2713 2714
2773 2780
2774 2791
2627 2741
2627 2744
2627 2745
2682 2778
2682 2779
2682 2770
2682 2775
2769 2770
2769 2773
2769 2779
2624 2679
2628 2752
2628 2753
2624 2671
2624 2672
2667 2691
2677 2759
2754 2781
2677 2753
2677 2751
2754 2785
2677 2757
2754 2787
2754 2786
2770 2773
2729 2785
2729 2787
2729 2786
2729 2781
2755 2782
2755 2780
2755 2781
2755 2786
2755 2787
2683 2750
2683 2754
2675 2744
2675 2765
2661 2714
2661 2717
2661 2716
2661 2710
2661 2713
2661 2712
2675 2766
2672 2720
2672 2725
2710 2712
2710 2716
2710 2714
2669 2756
2712 2773
2712 2770
2693 2798
2712 2779
2617 2784
2667 2730
2667 2733
2667 2732
2609 2769
2752 2760
2609 2763
2609 2761
2609 2764
2752 2762
2720 2728
2720 2729
2617 2716
2720 2726
2650 2791
2650 2794
2611 2613
2611 2617
2783 2785
2783 2784
2741 2796
2695 2792
2695 2790
2695 2797
2695 2795
2695 2798
2707 2793
2713 2770
2713 2773
2713 2779
2713 2778
2654 2782
2774 2785
2654 2780
2654 2788
2667 2794
2627 2728
2627 2726
2732 2735
2732 2736
2627 2725
2627 2720
2732 2733
2682 2716
2682 2717
2682 2714
2682 2712
2682 2713
2682 2710
2628 2779
2751 2794
2628 2770
2751 2793
2628 2773
2624 2654
2631 2795
2631 2797
2631 2792
2631 2798
2741 2777
2741 2774
2741 2775
2741 2772
2741 2770
2741 2771
2741 2778
2741 2779
2677 2770
2677 2779
2609 2683
2672 2708
2691 2733
2691 2753
2691 2750
2691 2751
2691 2756
2691 2754
2691 2755
2691 2759
2675 2720
2712 2717
2766 2779
2766 2770
2766 2773
2672 2747
2672 2744
2672 2745
2672 2742
2672 2741
2669 2777
2669 2775
2669 2774
2669 2772
2669 2771
2669 2778
2766 2780
2712 2757
2712 2752
2624 2792
2624 2790
2710 2732
2710 2735
2609 2741
2615 2710
2609 2743
2726 2793
2609 2745
2726 2791
2609 2747
2617 2777
2617 2774
2617 2775
2617 2772
2617 2771
2617 2778
2678 2753
2678 2751
2678 2752
2713 2759
2713 2750
2713 2755
2713 2754
2627 2707
2627 2709
2682 2735
2682 2736
2682 2730
2682 2731
2682 2732
2628 2792
2628 2797
2628 2798
2624 2632
2640 2661
2627 2671
2627 2672
2741 2759
2741 2754
2741 2755
2741 2756
2741 2751
2741 2753
2677 2716
2677 2717
2677 2714
2677 2712
2677 2713
2677 2710
2767 2795
2767 2797
2767 2792
2757 2767
2767 2798
2691 2778
2691 2779
2691 2770
2691 2771
2691 2772
2691 2774
2691 2777
2757 2761
2757 2797
2729 2743
2729 2745
2757 2792
2729 2747
2757 2798
2675 2707
2675 2709
2736 2793
2736 2794
2742 2788
2742 2782
2742 2780
2671 2732
2671 2733
2671 2730
2671 2736
2671 2735
2672 2766
2672 2767
2672 2761
2672 2762
2672 2769
2671 2777
2682 2691
2667 2775
2667 2774
2667 2777
2667 2771
2667 2772
2671 2771
2667 2778
2628 2631
2710 2759
2710 2757
2710 2754
2669 2716
2710 2752
2710 2753
2609 2725
2609 2720
2617 2759
2617 2751
2617 2752
2617 2753
2613 2679
2613 2671
2761 2797
2615 2731
2615 2735
2615 2736
2747 2798
2747 2792
2747 2790
2790 2798
2654 2742
2654 2747
2654 2744
2775 2784
2775 2785
2775 2781
2775 2783
2632 2774
2765 2794
2765 2793
2752 2780
2632 2778
2628 2677
2677 2735
2677 2736
2677 2731
2677 2732
2691 2716
2691 2714
2691 2713
2691 2710
2729 2764
2729 2763
2654 2671
2611 2777
2671 2710
2671 2713
2671 2714
2671 2716
2617 2791
2712 2798
2617 2794
2712 2792
2712 2795
2712 2797
2665 2783
2665 2781
2665 2784
2665 2785
2669 2733
2669 2732
2710 2770
2710 2773
2710 2779
2720 2788
2720 2784
2720 2785
2720 2783
2720 2780
2613 2691
2667 2756
2650 2785
2609 2708
2615 2757
2615 2752
2615 2753
2762 2766
2762 2767
2770 2790
2770 2792
2770 2795
2770 2798
2678 2682
2613 2716
2654 2769
2713 2792
2654 2761
2654 2762
2774 2796
2654 2766
2713 2798
2732 2796
2732 2794
2732 2793
2732 2791
2752 2761
2752 2765
2752 2767
2752 2766
2741 2791
2741 2794
2617 2650
2691 2735
2691 2736
2691 2730
2691 2732
2675 2682
2628 2757
2661 2798
2661 2795
2661 2797
2661 2790
2661 2792
2671 2772
2671 2770
2671 2778
2671 2779
2672 2679
2672 2677
2672 2675
2628 2675
2628 2672
2631 2654
2617 2793
2617 2796
2677 2678
2725 2791
2725 2796
2725 2794
2615 2773
2735 2736
2611 2691
2750 2759
2677 2752
2726 2745
2717 2788
2717 2780
2717 2782
2716 2794
2716 2790
2665 2682
2617 2707
2720 2730
2750 2754
2750 2755
2617 2678
2617 2677
2617 2675
2617 2672
2617 2671
2665 2745
2632 2669
2632 2665
2632 2667
2650 2716
2691 2726
2671 2759
2671 2754
2671 2755
2671 2756
2671 2751
2671 2752
2671 2753
2760 2793
2678 2735
2671 2747
2628 2654
2631 2672
2631 2677
2631 2675
2627 2675
2777 2784
2777 2785
2777 2783
2777 2781
2714 2741
2714 2743
2714 2742
2714 2745
2714 2747
2733 2741
2733 2745
2750 2779
2726 2796
2650 2735
2650 2733
2650 2732
2717 2762
2717 2761
2717 2766
2717 2767
2716 2772
2716 2770
2716 2771
2716 2777
2716 2775
2716 2778
2716 2779
2632 2764
2763 2791
2763 2796
2627 2691
2613 2794
2613 2796
2613 2791
2615 2631
2765 2772
2765 2775
2765 2777
2784 2785
2679 2787
2679 2781
2683 2778
2759 2785
2772 2781
2772 2785
2772 2784
2693 2779
2693 2770
2769 2781
2769 2780
2769 2782
2769 2787
2769 2786
2743 2790
2611 2729
2708 2713
2654 2792
2735 2775
2735 2774
2735 2777
2735 2771
2735 2770
2714 2769
2714 2767
2714 2766
2735 2779
2714 2761
2632 2784
2632 2781
2733 2763
2733 2765
2733 2768
2771 2781
2771 2783
2771 2784
2771 2785
2650 2756
2650 2751
2650 2753
2611 2741
2611 2745
2717 2742
2717 2744
2716 2759
2716 2750
2716 2751
2716 2752
2716 2753
2716 2754
2716 2755
2716 2756
2624 2693
2624 2691
2624 2695
2613 2772
2613 2777
2613 2774
2613 2775
2613 2778
2768 2791
2617 2632
2768 2793
2768 2794
2768 2796
2754 2763
2754 2761
2754 2764
2754 2769
2640 2792
2640 2795
2640 2797
2640 2798
2764 2768
2710 2713
2710 2717
2755 2764
2755 2761
2755 2763
2755 2769
2709 2793
2683 2786
2683 2787
2683 2781
2624 2661
2693 2750
2693 2754
2693 2755
2693 2759
2671 2791
2671 2793
2671 2794
2671 2796
2628 2695
2741 2765
2609 2786
2609 2787
2609 2780
2609 2781
2609 2782
2761 2769
2761 2762
2761 2767
2761 2766
2735 2759
2735 2753
2735 2752
2735 2751
2735 2756
2735 2754
2631 2761
2631 2767
2631 2766
2661 2672
2753 2793
2650 2772
2650 2777
2650 2775
2650 2774
2611 2764
2611 2763
2754 2790
2717 2720
2671 2679
2671 2677
2671 2675
2671 2672
2716 2736
2716 2735
2716 2732
2716 2730
2720 2725
2750 2769
2613 2756
2613 2632
2615 2678
2615 2675
2615 2677
2615 2672
2617 2691
2631 2717
2624 2769
2736 2753
2745 2763
2766 2792
2766 2797
2766 2795
2766 2798
2665 2729
2665 2720
2665 2726
2665 2751
2761 2780
2761 2782
2632 2691
2761 2788
2691 2743
2671 2774
2714 2720
2632 2741
2770 2778
2632 2745
2631 2744
2631 2742
2717 2770
2650 2793
2650 2796
2611 2708
2627 2793
2716 2761
2609 2661
2654 2691
2654 2695
2627 2678
2672 2798
2672 2790
2672 2792
2672 2795
2627 2677
2613 2735
2613 2732
2613 2733
2613 2730
2624 2741
2624 2743
2624 2745
2624 2747
2756 2777
2756 2774
2756 2775
2756 2772
2756 2771
2615 2707
2756 2778
2615 2654
2728 2784
2728 2785
2728 2783
2728 2781
2709 2751
2709 2752
2709 2753
2683 2743
2683 2741
2683 2747
2683 2745
2679 2720
2679 2725
2679 2729
2679 2728
2693 2714
2693 2716
2693 2710
2693 2713
2742 2766
2742 2767
2742 2761
2742 2762
2752 2757
2775 2778
2775 2777
2665 2741
2667 2796
2745 2794
2745 2796
2745 2790
2745 2791
2667 2791
2725 2730
2725 2732
2725 2733
2725 2735
2632 2768
2735 2794
2735 2793
2632 2763
2632 2765
2609 2654
2787 2790
2759 2786
2759 2787
2759 2780
2759 2781
2611 2728
2611 2720
2611 2726
2611 2725
2677 2788
2744 2798
2744 2797
2744 2795
2624 2763
2624 2761
2640 2732
2640 2731
2640 2736
2640 2735
2710 2788
2710 2780
2710 2782
2710 2720
2791 2794
2791 2796
2784 2794
2755 2759
2784 2791
2709 2736
2709 2735
2709 2731
2679 2708
2683 2769
2678 2788
2683 2761
2683 2764
2677 2793
2708 2791
2708 2790
2708 2796
2708 2794
2665 2764
2665 2765
2665 2763
2665 2768
2691 2741
2745 2772
2745 2777
2745 2774
2745 2778
2745 2779
2682 2780
2682 2783
2682 2788
2751 2760
2751 2762
2751 2765
2751 2767
2751 2768
2725 2759
2725 2756
2725 2754
2725 2755
2725 2753
2725 2751
2609 2671
2609 2672
2632 2708
2609 2679
2631 2707
2731 2788
2730 2794
2730 2796
2730 2791
2730 2793
2750 2792
2750 2790
2763 2778
2763 2777
2763 2774
2763 2775
2693 2695
2763 2771
2707 2709
2750 2770
2654 2720
2744 2773
2640 2710
2640 2712
2640 2714
2624 2708
2640 2716
2640 2717
2671 2775
2650 2736
2764 2791
2650 2730
2728 2745
2709 2717
2709 2712
2679 2769
2679 2764
2679 2763
2615 2788
2726 2728
2778 2784
2778 2783
2778 2781
2615 2780
2615 2782
2678 2765
2720 2759
2720 2751
2720 2753
2720 2752
2720 2755
2720 2754
2720 2756
2744 2780
2650 2691
2683 2708
2747 2763
2745 2770
2745 2771
2745 2775
2708 2771
2708 2770
2708 2772
2708 2775
2708 2774
2708 2777
2708 2779
2708 2778
2672 2695
2672 2691
2672 2693
2745 2759
2732 2741
2732 2745
2745 2756
2627 2794
2628 2709
2717 2779
2628 2707
2677 2691
2725 2774
2725 2775
2725 2777
2725 2771
2725 2772
2725 2778
2632 2726
2632 2729
2795 2797
2733 2785
2733 2783
2714 2787
2714 2786
2714 2780
2714 2782
2731 2762
2731 2760
2731 2766
2731 2767
2731 2765
2730 2772
2730 2771
2730 2777
2730 2774
2730 2775
2730 2778
2780 2788
2780 2782
2716 2774
2744 2757
2744 2753
2744 2752
2744 2751
2624 2720
2624 2725
2640 2779
2640 2773
2640 2770
2728 2768
2728 2763
2728 2764
2728 2765
2756 2791
2756 2794
2756 2796
2679 2743
2679 2741
2679 2747
2679 2745
2720 2779
2720 2778
2720 2777
2720 2775
2720 2774
2720 2772
2720 2771
2720 2770
2762 2793
2650 2671
2683 2720
2683 2729
2611 2669
2611 2667
2611 2665
2695 2747
2695 2742
2708 2756
2708 2755
2661 2683
2707 2744
2773 2779
2627 2775
2627 2777
2732 2768
2732 2766
2732 2765
2732 2764
2732 2763
2732 2762
2732 2761
2732 2760
2682 2741
2682 2745
2682 2744
2665 2679
2665 2671
2665 2677
2743 2759
2743 2754
2743 2755
2743 2750
2667 2669
2779 2780
2779 2781
2779 2786
2779 2787
2609 2632
2731 2744
2679 2683
2730 2751
2730 2753
2759 2769
2759 2761
2759 2763
2759 2764
2765 2778
2683 2714
2691 2785
2691 2784
2691 2781
2691 2783
2765 2771
2611 2785
2611 2784
2611 2781
2611 2783
2765 2774
2675 2793
2671 2691
2661 2742
2661 2747
2640 2757
2640 2751
2640 2752
2640 2753
2672 2710
2672 2713
2672 2712
2672 2714
2672 2717
2672 2716
2669 2784
2669 2785
2669 2783
2669 2781
2726 2765
2726 2768
2617 2728
2631 2682
2617 2720
2617 2725
2695 2713
2714 2759
2708 2735
2708 2730
2708 2732
2714 2750
2695 2769
2693 2790
2714 2754
2693 2792
2695 2761
2695 2766
2707 2762
2707 2760
2707 2767
2707 2766
2707 2765
2713 2729
2713 2720
2713 2725
2774 2783
2773 2790
2774 2781
2773 2792
2773 2795
2773 2797
2774 2784
2773 2798
2679 2785
2627 2753
2627 2752
2627 2751
2682 2767
2682 2766
2682 2765
2682 2762
2682 2761
2682 2760
2770 2779
2628 2744
2628 2742
2743 2770
2743 2778
2743 2779
2763 2772
2677 2741
2677 2742
2677 2745
2677 2744
2757 2766
2755 2798
2757 2762
2755 2790
2755 2792
2726 2794
2615 2717
2730 2736
2730 2735
2730 2732
2730 2733
2679 2786
2679 2783
2654 2672
2792 2795
2792 2797
2792 2798
2661 2761
2661 2766
2661 2767
2661 2769
2613 2650
2772 2783
2672 2735
2672 2732
2764 2777
2764 2775
2764 2774
2764 2772
2764 2771
2764 2778
2712 2767
2712 2766
2712 2761
2712 2762
2768 2772
2768 2771
2768 2777
2768 2775
2768 2774
2768 2778
2609 2779
2609 2778
2609 2770
2726 2741
2617 2709
2617 2708
2720 2732
2720 2736
2720 2735
2678 2709
2678 2707
2611 2624
2708 2716
2708 2714
2781 2796
2781 2790
2781 2791
2695 2780
2695 2782
2695 2787
2707 2788
2654 2795
2654 2797
2654 2790
2654 2798
2627 2735
2627 2736
2627 2731
2627 2730
2627 2733
2627 2732
2682 2709
2682 2708
2682 2707
2628 2762
2628 2761
2628 2767
2628 2766
2640 2654
2631 2782
2631 2780
2631 2788
2741 2764
2741 2763
2741 2769
2741 2768
2677 2767
2677 2766
2677 2765
2677 2762
2677 2761
2677 2760
2764 2796
2729 2796
2729 2790
2691 2745
2691 2747
2675 2751
2675 2752
2675 2753
2675 2757
2728 2741
2631 2710
2631 2712
2672 2759
2672 2755
2672 2754
2672 2757
2672 2751
2672 2750
2672 2753
2672 2752
2669 2741
2669 2745
2712 2742
2712 2744
2624 2785
2624 2786
2624 2781
2667 2728
2667 2720
2667 2726
2667 2725
2609 2759
2615 2709
2609 2755
2609 2754
2609 2750
2617 2765
2617 2760
2617 2762
2617 2768
2678 2767
2678 2762
2678 2760
2778 2785
2783 2796
2783 2794
2783 2793
2783 2791
2683 2691
2683 2693
2683 2695
2713 2766
2713 2764
2713 2763
2713 2761
2713 2769
2627 2710
2627 2717
2627 2716
2682 2720
2682 2726
2682 2725
2682 2728
2661 2720
2628 2780
2628 2782
2751 2788
2628 2788
2751 2784
2751 2783
2640 2677
2640 2675
2640 2672
2640 2671
2640 2678
2741 2747
2741 2745
2677 2707
2677 2709
2609 2695
2609 2693
2609 2691
2771 2774
2771 2772
2767 2782
2767 2780
2767 2788
2691 2765
2691 2764
2691 2763
2691 2761
2691 2769
2691 2768
2747 2769
2747 2764
2747 2761
2675 2736
2675 2735
2675 2732
2675 2731
2736 2788
2736 2783
2736 2784
2742 2798
2766 2769
2742 2792
2742 2795
2766 2767
2742 2797
2671 2729
2671 2728
2671 2720
2671 2725
2671 2726
2672 2773
2672 2770
2672 2779
2672 2778
