2669 2768
2710 2745
2710 2744
2710 2747
2669 2763
2669 2764
2617 2741
2617 2745
2695 2720
2726 2784
2726 2785
2654 2809
2654 2808
2654 2801
2654 2803
2654 2804
2747 2785
2747 2787
2747 2786
2747 2781
2747 2780
2747 2782
2773 2782
2713 2745
2713 2747
2713 2743
2654 2752
2654 2755
2654 2754
2654 2759
2632 2783
2775 2791
2624 2713
2775 2796
2775 2794
2735 2800
2785 2791
2785 2794
2735 2809
2765 2785
2765 2784
2765 2783
2765 2788
2710 2741
2710 2742
2677 2720
2677 2726
2677 2725
2691 2708
2729 2750
2729 2754
2729 2755
2675 2677
2793 2794
2671 2708
2613 2771
2744 2804
2744 2809
2667 2764
2667 2765
2667 2763
2665 2791
2667 2768
2665 2796
2710 2762
2710 2761
2710 2767
2710 2766
2710 2769
2720 2798
2720 2794
2720 2791
2720 2790
2720 2792
2613 2669
2613 2665
2613 2667
2677 2809
2609 2713
2609 2716
2609 2714
2745 2750
2671 2784
2772 2796
2762 2779
2671 2781
2745 2754
2762 2770
2762 2773
2745 2755
2732 2747
2726 2783
2770 2787
2770 2786
2770 2785
2770 2783
2770 2782
2770 2781
2770 2780
2767 2799
2654 2773
2654 2770
2654 2779
2708 2802
2708 2807
2708 2806
2708 2805
2691 2775
2785 2800
2785 2802
2732 2788
2732 2785
2732 2784
2732 2780
2732 2783
2741 2785
2741 2784
2741 2783
2741 2788
2743 2806
2743 2807
2743 2805
2743 2802
2743 2808
2752 2798
2752 2799
2752 2795
2752 2793
2691 2720
2691 2729
2691 2728
2729 2778
2729 2770
2729 2772
2729 2774
2729 2775
2729 2777
2731 2810
2632 2725
2632 2720
2774 2794
2632 2728
2795 2798
2777 2800
2671 2766
2671 2761
2671 2763
2671 2762
2671 2769
2671 2768
2751 2800
2751 2809
2669 2725
2669 2726
2669 2728
2669 2729
2617 2785
2617 2783
2617 2788
2778 2791
2667 2741
2679 2772
2679 2770
2725 2781
2725 2783
2725 2785
2725 2784
2791 2807
2654 2714
2654 2717
2654 2710
2654 2713
2708 2710
2713 2780
2713 2781
2713 2782
2713 2785
2713 2786
2713 2787
2717 2799
2717 2798
2717 2792
2717 2795
2627 2800
2716 2783
2627 2809
2716 2780
2716 2787
2716 2786
2716 2785
2716 2784
2782 2799
2782 2798
2782 2795
2782 2790
2782 2792
2752 2804
2752 2770
2752 2803
2752 2779
2752 2809
2730 2807
2640 2793
2802 2805
2802 2806
2802 2807
2671 2741
2671 2745
2763 2770
2760 2765
2760 2766
2760 2767
2760 2762
2631 2640
2777 2794
2777 2796
2777 2791
2735 2766
2735 2765
2735 2760
2654 2732
2654 2735
2771 2807
2771 2800
2764 2769
2717 2773
2716 2763
2716 2765
2716 2764
2716 2766
2716 2769
2716 2768
2785 2796
2665 2691
2763 2787
2763 2786
2763 2785
2763 2784
2763 2783
2763 2781
2752 2753
2710 2755
2627 2682
2710 2750
2613 2783
2683 2782
2613 2781
2710 2751
2613 2785
2613 2784
2683 2780
2617 2665
2617 2667
2617 2669
2677 2780
2677 2783
2765 2768
2632 2679
2632 2671
2805 2808
2609 2729
2805 2806
2784 2796
2667 2807
2667 2800
2617 2756
2772 2778
2772 2774
2772 2775
2772 2777
2760 2788
2693 2769
2667 2783
2667 2784
2667 2785
2743 2781
2743 2787
2743 2786
2627 2784
2627 2785
2732 2756
2732 2755
2609 2808
2714 2752
2609 2802
2609 2801
2609 2807
2609 2805
2714 2755
2632 2794
2632 2796
2632 2791
2771 2796
2771 2794
2771 2791
2624 2787
2806 2807
2672 2736
2779 2795
2624 2729
2717 2752
2717 2759
2716 2747
2716 2745
2716 2743
2716 2741
2729 2759
2613 2763
2613 2765
2613 2764
2613 2768
2754 2759
2754 2755
2640 2788
2640 2780
2755 2773
2755 2770
2755 2779
2755 2778
2787 2806
2787 2807
2787 2805
2787 2802
2787 2808
2683 2790
2683 2792
2683 2798
2679 2790
2679 2791
2679 2794
2679 2796
2782 2803
2671 2786
2671 2785
2772 2791
2671 2783
2772 2794
2682 2810
2693 2747
2693 2745
2693 2743
2777 2807
2774 2807
2774 2800
2774 2802
2769 2798
2769 2792
2769 2790
2624 2764
2665 2716
2669 2691
2609 2792
2774 2778
2609 2790
2774 2777
2774 2775
2714 2770
2735 2767
2714 2773
2735 2762
2735 2761
2714 2779
2714 2792
2717 2735
2665 2708
2716 2729
2716 2728
2716 2725
2716 2726
2716 2720
2624 2683
2627 2640
2742 2803
2613 2745
2613 2741
2742 2809
2768 2783
2617 2627
2768 2785
2754 2770
2754 2773
2754 2778
2754 2779
2768 2784
2783 2807
2750 2802
2750 2801
2750 2806
2750 2807
2750 2805
2750 2808
2736 2744
2736 2741
2693 2720
2693 2729
2742 2752
2665 2736
2665 2735
2665 2732
2665 2730
2632 2800
2632 2802
2632 2807
2777 2778
2631 2809
2631 2804
2631 2801
2631 2803
2761 2779
2761 2770
2761 2773
2735 2744
2735 2745
2735 2741
2714 2716
2632 2756
2631 2779
2631 2773
2716 2781
2753 2784
2753 2785
2665 2794
2788 2793
2631 2762
2708 2754
2708 2750
2654 2683
2654 2682
2708 2759
2669 2708
2627 2665
2799 2801
2613 2729
2613 2728
2613 2725
2613 2726
2613 2720
2756 2765
2756 2764
2756 2763
2756 2768
2728 2794
2728 2796
2728 2791
2683 2808
2683 2801
2683 2803
2683 2802
2683 2805
2683 2807
2683 2755
2683 2759
2752 2788
2778 2779
2753 2794
2736 2762
2736 2761
2736 2760
2736 2767
2736 2766
2736 2765
2736 2768
2693 2708
2742 2773
2742 2770
2766 2782
2766 2783
2742 2779
2766 2788
2754 2780
2773 2804
2665 2756
2665 2753
2773 2803
2725 2726
2654 2677
2725 2729
2725 2728
2745 2783
2745 2781
2745 2780
2745 2787
2745 2786
2745 2785
2761 2792
2761 2790
2732 2769
2761 2795
2761 2798
2761 2799
2760 2809
2627 2778
2751 2753
2751 2752
2714 2735
2714 2732
2632 2777
2632 2775
2632 2772
2632 2771
2631 2752
2609 2710
2759 2790
2759 2792
2759 2798
2767 2809
2767 2804
2767 2801
2767 2803
2753 2762
2753 2760
2753 2766
2753 2767
2753 2765
2753 2768
2767 2773
2767 2770
2672 2788
2672 2782
2672 2783
2672 2780
2672 2785
2613 2708
2729 2769
2624 2759
2624 2750
2624 2754
2624 2755
2640 2720
2742 2759
2683 2773
2683 2770
2683 2779
2679 2732
2679 2730
2779 2782
2665 2772
2665 2771
2665 2777
2665 2775
2665 2774
2665 2778
2745 2761
2745 2765
2745 2764
2745 2766
2745 2769
2768 2807
2768 2800
2751 2778
2751 2777
2725 2745
2725 2741
2632 2716
2735 2788
2735 2780
2735 2783
2735 2785
2731 2793
2730 2783
2730 2785
2730 2784
2750 2787
2750 2786
2750 2781
2763 2769
2763 2768
2763 2764
2632 2806
2744 2788
2617 2682
2624 2770
2730 2756
2624 2778
2624 2779
2710 2798
2710 2799
2710 2792
2710 2790
2710 2795
2728 2753
2728 2756
2679 2713
2679 2716
2726 2730
2726 2732
2726 2735
2726 2736
2683 2716
2683 2710
2683 2713
2747 2759
2747 2750
2747 2754
2747 2755
2695 2710
2695 2717
2695 2714
2770 2801
2770 2802
2770 2805
2770 2806
2770 2807
2770 2808
2753 2780
2786 2790
2708 2785
2708 2786
2708 2787
2708 2781
2708 2783
2672 2683
2672 2682
2753 2783
2745 2747
2714 2717
2682 2794
2682 2793
2682 2798
2785 2806
2785 2807
2729 2802
2729 2806
2729 2807
2729 2805
2725 2763
2725 2765
2725 2764
2725 2768
2632 2730
2631 2714
2759 2808
2759 2801
2759 2803
2759 2802
2759 2807
2759 2806
2771 2778
2771 2775
2771 2777
2730 2763
2730 2765
2730 2764
2730 2768
2780 2799
2780 2798
2780 2792
2780 2790
2780 2795
2708 2745
2717 2803
2717 2801
2669 2730
2717 2804
2717 2809
2744 2762
2744 2760
2744 2761
2744 2766
2744 2767
2624 2716
2624 2714
2624 2710
2640 2765
2640 2767
2640 2766
2640 2761
2640 2760
2640 2762
2756 2785
2756 2784
2756 2783
2764 2786
2764 2787
2764 2784
2764 2785
2764 2783
2764 2781
2754 2806
2754 2807
2754 2805
2754 2802
2754 2801
2754 2808
2728 2777
2728 2775
2728 2774
2728 2772
2728 2771
2728 2778
2720 2781
2679 2778
2679 2777
2679 2774
2679 2775
2778 2794
2778 2796
2679 2771
2720 2743
2720 2741
2720 2747
2720 2745
2753 2788
2747 2770
2747 2773
2747 2778
2747 2779
2790 2808
2790 2806
2790 2805
2790 2802
2790 2803
2790 2801
2708 2763
2708 2764
2708 2768
2708 2769
2732 2759
2627 2788
2732 2752
2732 2753
2732 2751
2732 2754
2627 2783
2627 2762
2627 2760
2732 2774
2732 2775
2665 2669
2779 2792
2779 2790
2732 2777
2665 2667
2779 2798
2677 2682
2743 2745
2743 2747
2669 2679
2669 2671
2759 2773
2759 2770
2759 2779
2759 2778
2794 2796
2714 2798
2714 2799
2714 2795
2714 2790
2609 2624
2731 2753
2731 2752
2731 2751
2679 2691
2679 2693
2730 2741
2783 2800
2691 2725
2736 2752
2736 2751
2799 2804
2675 2788
2799 2803
2799 2809
2632 2785
2640 2742
2640 2744
2669 2794
2669 2796
2669 2791
2742 2744
2778 2800
2778 2802
2778 2806
2778 2807
2679 2754
2679 2755
2679 2756
2679 2750
2679 2759
2726 2775
2726 2774
2726 2777
2726 2771
2726 2772
2726 2778
2631 2695
2720 2761
2720 2762
2720 2763
2720 2764
2720 2765
2720 2766
2720 2767
2720 2769
2762 2780
2762 2782
2763 2806
2762 2788
2695 2754
2695 2755
2695 2750
2695 2759
2708 2741
2708 2743
2708 2747
2736 2810
2742 2804
2693 2781
2693 2787
2693 2786
2695 2808
2695 2804
2695 2805
2695 2803
2695 2801
2713 2732
2732 2770
2732 2771
2732 2772
2627 2761
2627 2766
2627 2767
2627 2765
2732 2778
2732 2779
2627 2768
2682 2752
2682 2753
2682 2751
2765 2810
2682 2759
2743 2763
2743 2764
2743 2769
2640 2682
2763 2800
2763 2802
2763 2807
2735 2778
2779 2799
2617 2726
2713 2790
2665 2728
2731 2735
2731 2736
2731 2732
2654 2767
2665 2725
2691 2796
2691 2794
2691 2790
2691 2791
2786 2787
2675 2760
2675 2762
2675 2767
2671 2682
2671 2683
2671 2765
2671 2764
2728 2732
2728 2730
2792 2801
2792 2803
2792 2804
2792 2805
2726 2753
2726 2751
2726 2756
2617 2732
2617 2730
2617 2731
2617 2736
2617 2735
2613 2617
2790 2792
2708 2728
2708 2729
2708 2726
2708 2725
2708 2720
2781 2783
2781 2787
2781 2786
2781 2785
2695 2779
2695 2770
2695 2773
2713 2716
2713 2714
2773 2780
2774 2791
2627 2741
2627 2744
2682 2778
2682 2779
2682 2770
2682 2777
2769 2770
2769 2773
2769 2778
2769 2779
2624 2679
2624 2671
2624 2672
2667 2691
2677 2759
2754 2781
2677 2753
2677 2751
2754 2785
2754 2787
2754 2786
2770 2773
2729 2785
2729 2787
2729 2786
2729 2781
2729 2783
2755 2782
2755 2783
2755 2780
2755 2781
2755 2786
2755 2787
2755 2785
2640 2803
2640 2804
2640 2809
2788 2809
2683 2806
2683 2750
2683 2754
2675 2744
2675 2810
2675 2765
2675 2766
2672 2720
2672 2725
2669 2800
2669 2807
2710 2716
2710 2714
2669 2756
2617 2784
2667 2730
2609 2769
2752 2760
2609 2763
2609 2761
2609 2764
2752 2762
2720 2728
2720 2729
2617 2716
2720 2726
2783 2788
2783 2785
2783 2784
2741 2796
2695 2792
2695 2790
2695 2795
2695 2798
2695 2799
2713 2770
2713 2773
2713 2779
2654 2782
2774 2785
2654 2780
2667 2794
2627 2728
2627 2726
2732 2735
2732 2736
2627 2725
2627 2720
2682 2716
2682 2717
2682 2714
2682 2710
2751 2794
2751 2793
2631 2795
2631 2792
2631 2798
2631 2799
2741 2777
2741 2774
2741 2775
2741 2772
2741 2770
2741 2771
2741 2778
2741 2779
2677 2770
2677 2773
2677 2777
2677 2778
2677 2779
2609 2683
2672 2708
2780 2801
2691 2753
2691 2756
2691 2754
2691 2755
2691 2759
2766 2779
2766 2770
2766 2773
2672 2747
2672 2744
2672 2745
2672 2742
2672 2741
2669 2777
2669 2775
2669 2774
2669 2772
2669 2771
2669 2778
2766 2780
2624 2792
2624 2790
2710 2732
2710 2735
2710 2736
2609 2743
2726 2793
2609 2745
2726 2791
2609 2747
2617 2777
2617 2774
2617 2775
2617 2772
2617 2771
2617 2778
2801 2808
2801 2805
2801 2804
2801 2803
2713 2759
2713 2750
2713 2755
2713 2754
2714 2803
2714 2801
2714 2804
2714 2805
2714 2808
2792 2808
2682 2735
2682 2736
2682 2731
2682 2732
2672 2799
2627 2671
2627 2672
2741 2759
2741 2755
2741 2756
2741 2751
2741 2752
2741 2753
2677 2716
2677 2717
2677 2714
2677 2710
2767 2795
2767 2792
2767 2798
2691 2778
2691 2779
2691 2770
2691 2771
2691 2772
2691 2774
2691 2777
2729 2743
2729 2745
2729 2747
2640 2810
2736 2793
2736 2794
2742 2782
2742 2780
2671 2732
2671 2730
2671 2736
2671 2735
2672 2766
2672 2767
2672 2761
2672 2762
2672 2769
2793 2810
2671 2777
2682 2691
2667 2775
2667 2774
2667 2777
2667 2771
2667 2772
2671 2771
2667 2778
2710 2759
2710 2754
2710 2752
2710 2753
2609 2720
2617 2751
2617 2753
2613 2679
2613 2671
2677 2810
2747 2798
2747 2792
2747 2790
2790 2798
2654 2742
2654 2747
2654 2744
2654 2745
2775 2784
2775 2785
2775 2781
2775 2783
2798 2799
2803 2808
2735 2810
2803 2804
2632 2774
2765 2796
2765 2794
2765 2793
2765 2791
2752 2780
2632 2778
2773 2808
2773 2801
2677 2735
2677 2736
2677 2731
2677 2732
2691 2716
2691 2713
2691 2710
2729 2764
2729 2763
2731 2809
2671 2710
2671 2713
2671 2714
2671 2716
2617 2791
2617 2794
2744 2810
2665 2783
2665 2784
2665 2785
2710 2770
2710 2773
2710 2778
2710 2779
2752 2773
2720 2788
2720 2786
2720 2787
2720 2785
2720 2783
2720 2780
2613 2691
2753 2800
2667 2756
2753 2761
2609 2708
2762 2766
2762 2767
2762 2765
2770 2790
2770 2792
2770 2798
2613 2716
2654 2769
2713 2792
2654 2761
2654 2762
2774 2796
2654 2766
2713 2798
2732 2794
2732 2793
2732 2791
2769 2806
2769 2807
2769 2805
2769 2802
2769 2803
2769 2801
2769 2808
2752 2761
2752 2810
2752 2765
2752 2767
2752 2766
2741 2791
2741 2793
2741 2794
2767 2779
2780 2803
2691 2735
2691 2736
2691 2730
2691 2732
2780 2804
2780 2809
2780 2808
2736 2777
2736 2771
2675 2682
2671 2772
2671 2770
2714 2762
2671 2778
2671 2779
2672 2677
2751 2810
2631 2654
2617 2793
2617 2796
2725 2791
2725 2796
2725 2794
2735 2736
2728 2807
2750 2759
2677 2752
2726 2745
2754 2782
2677 2755
2717 2788
2717 2780
2717 2782
2779 2805
2779 2804
2779 2801
2779 2808
2627 2810
2716 2794
2716 2790
2716 2791
2716 2792
2741 2800
2741 2807
2750 2754
2750 2755
2617 2679
2617 2677
2617 2671
2665 2745
2632 2669
2632 2665
2632 2667
2624 2802
2624 2801
2624 2806
2624 2807
2624 2805
2624 2808
2796 2807
2796 2800
2672 2804
2672 2801
2672 2803
2672 2809
2672 2808
2691 2726
2671 2759
2671 2754
2671 2755
2671 2756
2671 2751
2671 2753
2760 2793
2760 2794
2671 2747
2631 2672
2631 2677
2627 2675
2777 2784
2777 2785
2777 2783
2714 2742
2714 2745
2714 2747
2784 2807
2784 2800
2750 2779
2726 2796
2779 2803
2717 2762
2717 2761
2717 2766
2717 2767
2716 2772
2716 2805
2716 2770
2716 2771
2716 2800
2716 2777
2716 2802
2716 2775
2716 2778
2716 2779
2716 2808
2632 2764
2763 2791
2763 2794
2763 2796
2627 2691
2613 2794
2613 2796
2613 2791
2720 2801
2720 2802
2720 2805
2720 2807
2720 2806
2720 2808
2765 2775
2765 2777
2784 2785
2679 2787
2679 2781
2693 2808
2693 2805
2693 2806
2693 2801
2693 2802
2759 2785
2759 2782
2759 2783
2772 2781
2772 2785
2772 2784
2693 2779
2693 2770
2679 2802
2679 2806
2679 2807
2769 2781
2769 2780
2769 2782
2769 2785
2769 2787
2769 2786
2743 2790
2708 2713
2654 2792
2735 2777
2735 2770
2714 2769
2714 2767
2714 2766
2735 2779
2714 2761
2632 2784
2632 2781
2771 2783
2771 2784
2771 2785
2717 2742
2717 2744
2716 2759
2716 2750
2716 2753
2716 2754
2716 2755
2716 2756
2624 2693
2624 2691
2624 2695
2791 2800
2791 2802
2613 2772
2613 2807
2613 2800
2613 2777
2613 2774
2613 2775
2613 2778
2768 2791
2617 2632
2768 2794
2768 2796
2754 2763
2754 2761
2754 2764
2754 2769
2640 2795
2640 2798
2640 2799
2764 2768
2710 2713
2710 2717
2755 2764
2755 2766
2755 2761
2755 2763
2755 2769
2683 2786
2683 2787
2683 2781
2682 2809
2682 2800
2804 2809
2693 2750
2693 2754
2693 2755
2693 2759
2671 2790
2671 2791
2671 2794
2671 2796
2782 2801
2782 2804
2782 2808
2766 2809
2766 2803
2766 2801
2766 2804
2741 2765
2741 2761
2741 2762
2710 2804
2710 2803
2710 2801
2710 2808
2710 2809
2609 2785
2609 2786
2609 2787
2609 2781
2761 2769
2761 2762
2761 2767
2761 2766
2735 2759
2735 2753
2735 2752
2735 2751
2732 2800
2631 2761
2732 2809
2631 2767
2631 2766
2753 2793
2754 2792
2754 2790
2671 2679
2671 2677
2671 2672
2716 2735
2716 2732
2716 2730
2720 2725
2781 2805
2781 2806
2781 2807
2781 2802
2750 2769
2613 2756
2755 2806
2613 2632
2617 2691
2631 2717
2624 2769
2788 2794
2671 2800
2671 2802
2736 2753
2671 2806
2671 2807
2745 2763
2766 2792
2766 2790
2766 2795
2766 2799
2766 2798
2794 2800
2794 2807
2665 2729
2726 2800
2665 2720
2665 2726
2665 2751
2761 2780
2761 2782
2632 2691
2761 2788
2671 2774
2714 2720
2632 2741
2770 2778
2632 2745
2631 2744
2631 2742
2717 2770
2753 2771
2753 2770
2753 2777
2753 2779
2753 2778
2627 2793
2716 2761
2654 2695
2672 2798
2672 2790
2672 2792
2672 2795
2627 2677
2786 2805
2786 2806
2786 2802
2786 2808
2613 2732
2613 2730
2617 2800
2624 2743
2617 2807
2624 2745
2624 2747
2716 2806
2756 2777
2756 2774
2756 2775
2756 2772
2756 2771
2756 2778
2728 2784
2728 2785
2728 2783
2728 2781
2683 2743
2683 2747
2683 2745
2679 2720
2679 2725
2679 2726
2679 2729
2679 2728
2736 2778
2693 2714
2693 2716
2693 2713
2742 2766
2742 2767
2742 2761
2742 2762
2775 2778
2775 2777
2665 2741
2667 2796
2745 2794
2745 2790
2745 2791
2745 2792
2667 2791
2691 2802
2691 2800
2691 2806
2691 2807
2760 2810
2725 2730
2725 2732
2725 2735
2725 2736
2632 2768
2735 2794
2735 2793
2632 2763
2787 2792
2787 2790
2759 2786
2759 2787
2759 2780
2759 2781
2753 2756
2677 2788
2765 2766
2755 2805
2755 2807
2755 2801
2755 2802
2755 2808
2744 2799
2744 2798
2744 2793
2744 2795
2624 2763
2624 2761
2640 2732
2640 2731
2640 2736
2640 2735
2710 2788
2710 2780
2710 2783
2710 2782
2710 2785
2710 2720
2791 2794
2791 2796
2784 2794
2755 2759
2784 2791
2679 2708
2683 2769
2683 2761
2683 2766
2677 2793
2708 2791
2708 2790
2708 2796
2708 2794
2665 2764
2665 2765
2665 2763
2665 2768
2691 2741
2745 2772
2745 2806
2745 2807
2745 2777
2745 2774
2745 2778
2745 2779
2745 2808
2682 2780
2682 2783
2682 2788
2751 2760
2751 2762
2751 2765
2751 2766
2751 2767
2725 2759
2725 2756
2725 2755
2725 2753
2725 2751
2609 2671
2609 2672
2632 2708
2609 2679
2731 2788
2713 2807
2713 2806
2713 2805
2713 2803
2713 2802
2713 2801
2713 2808
2730 2794
2730 2796
2730 2791
2750 2792
2750 2790
2763 2778
2763 2777
2763 2774
2763 2775
2693 2695
2763 2771
2750 2770
2654 2720
2744 2773
2744 2779
2640 2710
2640 2714
2624 2708
2640 2717
2671 2775
2764 2794
2764 2791
2728 2745
2679 2769
2679 2768
2679 2764
2679 2763
2726 2728
2778 2784
2778 2783
2778 2781
2720 2759
2728 2800
2720 2751
2720 2750
2720 2753
2720 2752
2720 2755
2720 2754
2744 2780
2683 2708
2762 2809
2747 2766
2762 2804
2747 2763
2762 2801
2745 2805
2745 2770
2745 2801
2745 2802
2745 2775
2708 2771
2708 2770
2708 2772
2708 2775
2708 2774
2708 2777
2708 2779
2708 2778
2726 2807
2672 2695
2672 2691
2745 2759
2732 2741
2745 2753
2732 2745
2732 2744
2627 2794
2717 2779
2753 2810
2677 2691
2725 2774
2725 2775
2725 2777
2725 2770
2725 2771
2725 2772
2725 2778
2632 2726
2632 2729
2795 2799
2772 2806
2772 2807
2772 2802
2772 2800
2714 2787
2714 2786
2714 2780
2714 2782
2731 2762
2731 2760
2731 2766
2731 2767
2731 2765
2730 2772
2730 2771
2730 2800
2730 2777
2730 2774
2730 2775
2730 2778
2780 2788
2780 2782
2716 2807
2716 2774
2744 2753
2744 2752
2744 2751
2624 2720
2640 2779
2640 2773
2728 2768
2728 2763
2728 2764
2728 2765
2756 2791
2756 2794
2756 2796
2679 2743
2679 2741
2679 2747
2679 2745
2720 2779
2720 2778
2720 2777
2720 2775
2720 2774
2720 2772
2720 2770
2762 2799
2762 2798
2762 2795
2762 2793
2742 2801
2742 2808
2683 2720
2683 2729
2695 2745
2695 2747
2695 2742
2708 2756
2708 2755
2773 2779
2627 2771
2627 2777
2732 2768
2732 2767
2732 2766
2732 2765
2732 2764
2732 2762
2732 2761
2732 2760
2682 2741
2682 2742
2682 2745
2682 2744
2665 2679
2665 2671
2743 2759
2743 2754
2743 2755
2743 2750
2779 2788
2667 2669
2779 2780
2779 2783
2779 2785
2779 2786
2779 2787
2731 2741
2731 2744
2786 2807
2679 2683
2730 2753
2759 2769
2759 2761
2759 2762
2759 2763
2759 2764
2759 2766
2759 2767
2765 2778
2720 2800
2683 2714
2677 2798
2691 2785
2691 2784
2691 2786
2691 2781
2691 2783
2765 2771
2786 2792
2677 2794
2765 2774
2675 2793
2671 2691
2764 2800
2764 2802
2764 2807
2764 2806
2640 2751
2640 2752
2640 2753
2672 2710
2672 2713
2672 2714
2672 2717
2672 2716
2669 2784
2669 2785
2669 2783
2756 2800
2756 2807
2726 2764
2726 2765
2726 2763
2726 2768
2617 2728
2617 2720
2617 2725
2695 2713
2665 2807
2665 2800
2714 2759
2708 2732
2736 2800
2714 2750
2736 2809
2609 2806
2695 2769
2693 2790
2714 2754
2693 2792
2695 2762
2695 2761
2695 2767
2695 2766
2713 2729
2713 2720
2774 2783
2773 2790
2774 2781
2773 2792
2773 2795
2774 2784
2773 2799
2773 2798
2679 2785
2627 2756
2627 2753
2627 2752
2627 2751
2682 2767
2682 2766
2682 2765
2682 2762
2682 2761
2682 2760
2765 2800
2770 2779
2743 2770
2795 2801
2795 2803
2795 2804
2763 2772
2677 2741
2677 2742
2677 2745
2677 2744
2677 2747
2755 2798
2755 2790
2755 2792
2726 2794
2730 2736
2730 2732
2679 2786
2679 2784
2679 2783
2747 2802
2747 2803
2747 2801
2747 2806
2747 2807
2747 2805
2747 2808
2654 2672
2792 2795
2792 2798
2792 2799
2675 2809
2770 2803
2761 2808
2761 2809
2761 2804
2761 2803
2761 2801
2772 2783
2672 2735
2672 2732
2798 2804
2798 2803
2798 2801
2798 2808
2764 2777
2764 2775
2764 2774
2764 2772
2764 2771
2764 2770
2764 2778
2768 2772
2768 2771
2768 2777
2768 2775
2768 2774
2768 2778
2728 2729
2609 2779
2609 2770
2726 2741
2617 2708
2720 2732
2720 2736
2720 2735
2708 2716
2708 2714
2781 2790
2781 2791
2695 2780
2695 2782
2654 2795
2654 2790
2654 2799
2654 2798
2627 2735
2627 2736
2627 2731
2627 2730
2627 2732
2640 2654
2631 2782
2631 2780
2741 2764
2741 2766
2741 2760
2741 2763
2741 2768
2754 2798
2677 2767
2677 2766
2677 2765
2677 2762
2677 2761
2677 2760
2764 2796
2729 2796
2729 2791
2788 2810
2691 2745
2691 2747
2753 2809
2675 2751
2675 2752
2675 2753
2728 2741
2631 2710
2672 2759
2672 2755
2672 2754
2672 2751
2672 2753
2672 2752
2710 2725
2669 2741
2624 2785
2624 2786
2624 2781
2667 2728
2667 2726
2667 2725
2759 2805
2609 2759
2609 2755
2609 2754
2609 2750
2617 2765
2617 2764
2617 2760
2617 2763
2617 2768
2778 2785
2783 2796
2783 2794
2783 2793
2783 2791
2683 2691
2683 2693
2683 2695
2713 2766
2713 2764
2713 2763
2713 2761
2713 2769
2627 2710
2627 2716
2682 2720
2682 2726
2682 2725
2751 2788
2751 2783
2640 2677
2640 2675
2640 2672
2741 2747
2741 2745
2775 2802
2775 2800
2775 2807
2775 2806
2725 2807
2725 2800
2609 2695
2609 2693
2609 2691
2771 2774
2771 2772
2767 2782
2767 2780
2767 2788
2691 2765
2691 2764
2691 2763
2691 2761
2691 2769
2691 2768
2747 2769
2747 2764
2762 2803
2747 2761
2675 2736
2675 2735
2675 2732
2675 2731
2736 2788
2736 2783
2736 2784
2809 2810
2742 2799
2742 2798
2766 2769
2742 2792
2742 2795
2766 2767
2671 2729
2671 2728
2671 2720
2671 2725
2671 2726
2672 2773
2672 2770
2672 2779
2672 2778
2793 2809
2793 2800
